5.00090333748215	3.23487938375584	1.96060976052472	0.878896085094273	0.519658796120016	1	1	1	1
5.04867182547236	2.85327107358833	1.79686328136743	1.09581113066157	0.932052883374031	1	1	1	1
4.45853559902981	2.61503978845655	1.5539193002496	0.953106285785407	1.223605026686	1	1	1	1
3.26698070564505	1.56230346857862	1.54694534785433	1.42965087848812	0.300689780620774	1	1	1	1
6.24329168921797	3.84534460152263	2.28052013975156	1.99753987487207	1.26037740164687	1	1	1	1
6.58896897265763	3.66113363495334	1.61831812567606	1.91033651105432	1.87639976047296	1	1	1	1
3.86776450588961	2.92347881971435	2.39188135646054	1.33776335788343	0.541763389048314	1	1	1	1
5.04706539100659	4.66664704299099	2.18039870779826	1.06197903869895	1.32742089269842	1	1	1	1
4.37612885332312	2.62191970708231	2.45645889988687	0.739066862105711	1.46915923434203	1	1	1	1
4.65972093978144	3.16681223811739	1.52591120971679	1.89240773981185	1.39052017514742	1	1	1	1
5.65573642791069	4.05268319830872	2.6111496897427	1.80672369225165	2.2808382654871	1	1	1	1
4.6218425777466	3.49458638233868	1.56826337268603	1.2512383370055	0.345781248307142	1	1	1	1
5.20126871393762	3.69789465614503	1.69873268378342	1.84854678086984	0.387925467882595	1	1	1	1
4.87688289432888	2.44184556761711	2.41535206209775	1.60829299419199	1.25884353463071	1	1	1	1
4.0119689422238	2.43440660840511	2.06326779829764	1.2552350585827	0.224351945214762	1	1	1	1
5.05098489084053	3.70790835110088	2.34213431989595	0.989358008849582	1.46494167151467	1	1	1	1
4.30879113865003	2.36342983852075	2.8194372724506	1.08871791034753	0.636717783121972	1	1	1	1
4.88241970279832	3.43616072986622	3.41828916806536	2.22717757775531	0.427106751478358	1	1	1	1
5.50636680551303	3.47234385336036	2.16332136904414	1.32162243815124	0.578298770107745	1	1	1	1
3.51161441682647	2.15303389636237	2.09432149614398	0.6686015204708	0.682112157186808	1	1	1	1
5.14754576760809	3.69395604948445	1.57501708064796	1.26712906056923	1.47052208121024	1	1	1	1
5.65799622938338	2.92524146365446	2.62787165177275	1.94682742715991	1.30351673210245	1	1	1	1
6.03784969518273	4.18178982604211	2.94509795241772	2.03416455558354	1.7738469010512	1	1	1	1
6.35792681115299	4.46964092013274	1.89436803096421	1.88486405468829	0.750638611208752	1	1	1	1
3.51048990970576	2.40462180349335	2.89507657774437	1.5211126159007	0.409094271846087	1	1	1	1
4.38642432430454	3.17296536258946	2.19012404769621	1.45914319551577	1.57864687123936	1	1	1	1
3.41593233456417	2.5300497140877	1.56072718059087	1.71031133629986	0.761515898624893	1	1	1	1
5.46944234520609	3.96354775118103	2.39411713710745	1.45001973726608	0.613923007627145	1	1	1	1
6.97146464479276	4.19026543948231	2.94584764635672	2.22747982779563	1.17654510597436	1	1	1	1
4.78207646008531	3.47942708754743	2.94919272817789	1.65890649434653	1.12754520825093	1	1	1	1
3.23923819776392	2.0498233656175	2.82246206455357	0.234949491522066	0.134416759251736	1	1	1	1
5.32907691372084	3.74076020727495	2.46111132900961	1.77580833841232	1.0382899860595	1	1	1	1
5.71673892944209	4.10941559995365	2.25872963210018	2.30885167465384	1.85886134504781	1	1	1	1
4.96962594554459	4.10106954817408	3.19536472703718	1.31738461357244	0.18827676908764	1	1	1	1
5.8762707568907	4.12279725343135	3.36995771928726	2.14538822623661	1.34743112640966	1	1	1	1
6.15142048319022	3.77264646709948	3.530867905447	1.96109181084357	1.40660254999337	1	1	1	1
5.71505834211281	2.22317588494772	2.79561354391765	1.6594640723899	1.32853634793772	1	1	1	1
4.57633241670191	2.74240105409833	1.49908672786213	0.994657967336188	0.390712891466237	1	1	1	1
5.59299384393761	3.0073264015454	2.24304456332402	1.17389773307142	1.03923805154011	1	1	1	1
5.53365216403656	2.90478207415076	2.1824227080517	1.42357033934046	1.25223121828862	1	1	1	1
4.38587791842706	3.45701969606202	1.52015382288463	1.26877201292638	0.254213049770179	1	1	1	1
6.51193315011396	3.84602792413125	2.25771862492136	2.4593271248597	1.35976822783445	1	1	1	1
4.75865671032002	2.91300580431923	2.0138305155202	0.671964841496638	1.18748584695841	1	1	1	1
5.28328582378142	3.55206210295771	3.05948628821163	1.01564070583794	1.06145455017289	1	1	1	1
6.9401844441411	4.47324641167998	2.99193662685492	1.21222823194753	0.566377186612408	1	1	1	1
4.39775303715802	3.5349278585134	2.66313052454896	1.09171768623965	1.28297993127438	1	1	1	1
4.20951796118865	2.72350903935635	2.11711165677024	1.4554618017366	1.46916645819386	1	1	1	1
4.77767034133261	3.95528529159433	3.33669641303369	1.80207872205148	2.19385351755031	1	1	1	1
4.39882453922954	2.88833688983849	1.71677736861826	1.69192570950079	0.502522865506612	1	1	1	1
5.34008164820464	3.51662934594331	2.69306514211506	2.29310349110311	1.87178956688046	1	1	1	1
3.97423398745479	4.18132674183222	2.79925688785521	0.836025271044597	0.400147085158441	1	1	1	1
6.32604498663112	3.72588429836185	2.10364336462237	1.58228438188366	0.828841887006692	1	1	1	1
3.47920427845264	2.07844242008696	1.6353447432494	0.786323194781552	0.152903958033258	1	1	1	1
5.93068671805657	4.36147009555653	3.31077019565592	1.65985820794266	1.70546859795531	1	1	1	1
5.91872584723552	3.50267898089886	2.74947462808607	1.33018331873879	0.166685257481259	1	1	1	1
5.4658768239478	3.49328480084337	2.40093045816388	1.23959240818512	1.15924205663438	1	1	1	1
5.80744214113644	3.96051294363952	2.1522606811132	1.74680771031933	1.12258720736912	1	1	1	1
6.3015855550987	3.35729024763095	2.05644955536911	0.888809475646103	2.11327052432741	1	1	1	1
7.39670808791067	4.85593196366082	3.33220543782792	2.32881975381682	0.998960641791332	1	1	1	1
4.6166476860169	3.5188301766548	2.7592584703334	2.14945111178399	1.51670216342123	1	1	1	1
1.79278551391408	1.27837522972556	0.995787892663929	1.07567079989376	0.210679385853219	1	1	1	1
4.86617771683759	3.64446657156331	2.0074324282251	2.35054467098554	0.627712535653188	1	1	1	1
3.88925903833102	2.37088059865976	1.47426109651036	1.22402526124362	0.826493676226809	1	1	1	1
5.94984625245713	4.0452244049932	2.32650779133014	1.70284215476839	1.83608023938823	1	1	1	1
5.14145049640478	2.91167161854153	2.24408168615611	1.76111765741846	0.852859056466938	1	1	1	1
5.57845538730747	3.2076289331642	2.82200521795081	1.96658174481897	0.788297785423775	1	1	1	1
2.95569064166754	2.37607496989719	1.69443556925333	0.813725899277066	0.451482377028605	1	1	1	1
4.57309401024678	2.16461397330376	2.03816924931315	1.69279815291158	0.00481852446257791	1	1	1	1
5.02193762863324	2.49227467536487	1.78775321929328	1.80974352393288	1.38591935439276	1	1	1	1
5.64262761442447	3.85188059124336	2.64913799570822	1.69519180974721	2.15319798025485	1	1	1	1
5.76133178369904	3.19137746615915	3.01437813522179	1.39805104331962	1.52178726975976	1	1	1	1
5.62634711414604	3.4985217459982	2.28934845314251	1.78883589463265	1.42411808177323	1	1	1	1
5.97170824455674	3.69887352154498	2.80865378904763	2.56831322689389	0.888118380166774	1	1	1	1
5.81548372229053	4.21842691147532	2.59015699698252	1.55737685639875	1.5637542467897	1	1	1	1
2.41770185065018	1.44394663468917	0.140181656712181	0.776158352520921	0.890965071421654	1	1	1	1
5.58272922654404	3.67988341560318	2.70017703228288	1.02777248536463	1.20512909431026	1	1	1	1
4.31850422754936	2.91611953225192	2.08549693771976	2.175888201365	0.506727438691304	1	1	1	1
6.30517754313793	4.48190615504764	3.06379391499673	1.39907953325118	1.44175070718432	1	1	1	1
6.72291158112182	5.21311213877218	2.89990196545614	1.59317235914595	1.39480902236835	1	1	1	1
4.59195962987686	3.18226282130358	2.43863346833515	1.25669866662783	0.527111844769314	1	1	1	1
4.22644204452752	2.62888836857332	1.51057353422247	1.18461622588169	1.21449272385962	1	1	1	1
3.9749971294055	2.34658928511473	1.62536804515196	1.29136658808288	0.740882265998111	1	1	1	1
5.57654790420302	3.90043190642659	2.3783485357754	1.48233470012597	0.710453094416539	1	1	1	1
4.63485921145261	2.20050758247477	1.79632544787125	1.81855557083968	0.976511732312394	1	1	1	1
5.60685276486075	3.96655177865205	2.46084524730406	1.58333796895739	0.638085323839149	1	1	1	1
4.07995478590466	2.75957823810653	1.66708581164461	1.17125510187548	0.68249036225391	1	1	1	1
5.78635413675914	3.80764070873336	2.73431694816281	0.792800557993563	0.599488547235658	1	1	1	1
3.40964915257346	1.58797918791239	2.36271132470934	1.00675976361798	0.243575611368691	1	1	1	1
4.85295775381675	3.39918299302602	2.46069390982386	0.80140413584504	1.32895626732814	1	1	1	1
4.57770502735595	2.38759212447386	1.85774526452303	1.46673999184218	0.738409342804092	1	1	1	1
5.2826608862559	3.2509747666489	2.92426960313805	1.29379997341121	0.886824077422593	1	1	1	1
4.25035328853472	2.82297382076573	2.39258042276226	1.14545687052321	1.2893644781431	1	1	1	1
5.69018876167166	3.75507471192225	2.52861106365976	1.15045753270719	0.373935946709132	1	1	1	1
4.96523272060835	2.62509784877503	1.85250594611572	1.19959184875195	0.781683912001574	1	1	1	1
5.67677675377465	3.86522495035246	2.3986604275	1.21560429923535	0.473328839094562	1	1	1	1
5.33396139994581	2.95482538833618	2.20299051169264	1.54272746191535	0.599756074054841	1	1	1	1
3.71825308416092	3.30976715814807	1.52331526006232	0.983893660819987	1.50822747999378	1	1	1	1
8.09855803734741	4.87107293081606	3.15671845702829	2.29903923244283	1.8846152355617	1	1	1	1
6.13703297277824	3.95182795512961	2.76505714586999	2.24426158482363	0.514114897800774	1	1	1	1
7.46438492060166	5.17882844792619	3.94199935590801	2.33177866394761	1.67097872609958	1	1	1	1
5.5416272686617	3.53630141510238	2.66773590364187	1.62762294726521	0.98086950622724	1	1	1	1
3.72801841290464	2.3151241525816	1.08565713395141	1.89565780756598	1.25341041061651	1	1	1	1
2.70678036261025	1.49276675072909	0.228330805170753	0.2807923899537	0.770159697055711	1	1	1	1
6.08640387911557	3.51289442214805	2.25059146169234	0.935885668970621	1.19423476395359	1	1	1	1
1.65365346509844	1.68011658314621	1.01208550739222	1.08625851601006	0.45379703505005	1	1	1	1
3.75157493948572	3.21580820306681	1.84466284583613	1.55879035491844	0.341164037674569	1	1	1	1
6.50468462664562	4.40567257128754	2.88536179284161	2.0086145621616	1.79849716179581	1	1	1	1
5.47689444097699	3.86902900536681	2.78347300512796	2.40867368708544	1.2555351724981	1	1	1	1
5.01123390005008	2.78173004874975	1.82148851594039	1.3633972818061	0.0420845541137049	1	1	1	1
5.35391219893786	3.64378890743977	2.52793672391418	2.15207142350407	0.433966025703085	1	1	1	1
5.25318142161811	3.4776726927896	2.35952627009504	1.27450729543645	0.727009241486135	1	1	1	1
4.34234121756825	3.92992963969727	1.27346286566934	1.46956503660904	0.726425979479607	1	1	1	1
4.96046219016073	2.69521398348644	1.67693835962387	1.8049573607495	1.86905524311255	1	1	1	1
3.49617963345321	2.65729173192388	2.49052723681283	1.31923165072873	0.137826153473847	1	1	1	1
5.57422260735052	3.48720664016679	1.48486696988475	2.36616259782833	0.66126119569845	1	1	1	1
5.21130904577371	3.53317163916862	2.61115225340067	2.7949923616034	0.93302517078604	1	1	1	1
5.7901357880008	3.30444246386631	2.66279266016803	1.7322447267844	1.16592148436186	1	1	1	1
3.84667732009125	1.76034027296885	1.61572993838231	0.130811968478421	0.023146554247403	1	1	1	1
5.88793331260957	3.49990461426928	2.72400690324573	1.79267612926446	0.861590223223051	1	1	1	1
4.96388383833806	3.42440576399025	2.47021853812607	1.6342633234362	0.695003466554084	1	1	1	1
2.6647720436694	2.2289580730213	0.623506822210214	0.903621675136955	0.251934548247986	1	1	1	1
4.44685235040967	3.29531873757274	2.26319669283112	1.61771497887638	0.614493846021008	1	1	1	1
5.36802318448874	1.67949720012283	2.88369505084461	0.98410943363121	1.16549592484289	1	1	1	1
5.04675211634156	2.74557635484853	2.34259718472985	1.37611090274781	1.60314185124628	1	1	1	1
4.89057032912647	4.08267931689141	2.07468199979386	1.33985467401476	1.12626643643175	1	1	1	1
6.24545127778415	4.43145036089068	3.65606415372469	1.15893451706239	1.5840350845523	1	1	1	1
5.42735050900786	3.78112138938984	2.11766504430117	1.38114426831507	1.50565167379854	1	1	1	1
3.39827350128702	2.72062231865348	1.34607235588384	1.28330072539491	0.981475631930639	1	1	1	1
4.78556152515263	2.68242458712791	3.02164748030588	0.95136953207885	0.911460546333008	1	1	1	1
6.14957140681291	4.66625872395788	2.99859704298085	1.63698822597791	0.789842621511018	1	1	1	1
5.11870509871379	4.42705416067862	1.5490090211199	1.82474541952257	1.43670404916482	1	1	1	1
5.72393370513847	3.05433980680989	2.77828031414256	2.2248718213616	0.856172636399087	1	1	1	1
3.24525299011616	2.8252703592298	1.70737836110725	1.23199206985448	0.734554292591416	1	1	1	1
3.43946482861185	2.38048301547277	1.66519945368319	0.888515446472887	0.372260889787199	1	1	1	1
4.86872554969281	3.28800009638562	2.19314269414912	2.16410878791751	1.17379313773853	1	1	1	1
4.27251776073702	2.85565601790216	2.30882482069419	1.60158720815572	0.801989500616203	1	1	1	1
6.92859332399569	3.92913802863001	3.25442630191117	2.35544085318563	1.84259930991284	1	1	1	1
4.61202686383566	4.20796767122558	1.84529978708492	1.87144492389939	1.17280034096695	1	1	1	1
3.81815297952971	2.7650676378484	2.22489483923833	1.52189881292665	1.83411379902486	1	1	1	1
6.14797383124266	4.40456934438384	2.39688931674494	2.02548902668589	0.804013236142762	1	1	1	1
6.06558754945396	3.41616903399877	2.6209934281071	1.45646310981874	0.606377811802054	1	1	1	1
7.50075618821373	5.35711308167835	4.53489223363529	2.59473041063855	1.43768850467358	1	1	1	1
3.12624209325091	2.70128207072921	2.11164382115257	0.9643358280453	0.878903911783641	1	1	1	1
3.68451606008429	2.38482419464333	1.19646136013803	0.475286758854772	1.25522618649323	1	1	1	1
5.47958965557613	3.2416589237391	2.21141572339481	1.70817215282548	1.7402928507222	1	1	1	1
2.77794159306929	2.34494098612422	1.18101836172175	1.08516659498197	-0.154594418767136	1	1	1	1
6.18730655603855	4.27426478630632	2.69305712499424	1.65678544163074	0.519670311345045	1	1	1	1
5.8033878361747	3.66069879923407	2.4567588055964	1.67432143847782	0.988829061068376	1	1	1	1
5.09234861847689	4.1090729984159	2.66599040323894	1.04278826141252	1.13195485702723	1	1	1	1
2.80436206489518	2.32249209599253	1.78641646173752	1.13169299924903	-0.435129472374242	1	1	1	1
5.48422535157488	3.45040682482978	2.87669215885284	1.35023755456528	1.35952240934263	1	1	1	1
5.4364481759636	3.86935444830547	3.36610453581455	1.97427160049472	1.24319545235335	1	1	1	1
4.93141053982798	3.3152493692048	2.77219948150988	2.09804896422573	0.821615266468925	1	1	1	1
3.21489710893849	2.21706435781482	0.363107390711074	0.699614851176893	0.0687856524553966	1	1	1	1
3.57878388292258	2.97610579606526	1.44628034282594	1.56112051105234	1.09976459946309	1	1	1	1
5.0128266341772	2.94472978746237	2.51146800763878	0.884033367091659	1.92329323799673	1	1	1	1
2.51804426919815	1.50578201268574	0.89127608867303	0.419731159825597	0.235789201240515	1	1	1	1
4.5596857567619	3.16665885500747	1.56321722700618	0.529565043757877	1.4036348256074	1	1	1	1
6.82648168731945	4.63564492403662	3.08293195398539	2.16908444291355	1.41755862218755	1	1	1	1
4.60267665566641	2.45141527560335	1.95485554793988	1.44154228075707	0.903521856284862	1	1	1	1
5.52060354546714	3.69000991452942	2.61000257496722	2.1017562587704	1.38615593163788	1	1	1	1
4.16694375530603	2.33285541027695	1.3841737597788	0.705289132985636	0.79036713341269	1	1	1	1
3.11103660404151	1.94548308651242	2.00396997217732	0.932085205131697	1.31619342451243	1	1	1	1
5.37475379291404	3.26023968738299	2.60654893146123	2.26165410212592	1.69922195590155	1	1	1	1
3.6189673650065	3.2168447962965	1.91829230662976	1.13781582737051	1.80095525297641	1	1	1	1
4.47999804698309	3.13407798505112	2.3701175429611	1.6370706652294	0.910390583119632	1	1	1	1
3.93897486026848	2.51902966863334	1.91919242597916	1.58329609346325	1.21321903432762	1	1	1	1
4.93351880281969	2.97154391437678	1.92334661132227	2.05080931157707	0.544006352355017	1	1	1	1
4.79479444207775	3.96541372226064	2.42703801682123	1.94269873085007	0.521992567285655	1	1	1	1
4.82373207865294	3.13469471692853	1.82049776259895	1.61984518963865	0.913993250764465	1	1	1	1
4.94155969316118	3.25858923755817	2.20736768725946	1.07036198219451	0.548667596087733	1	1	1	1
6.40092296642268	3.39319740598212	2.77280209676001	1.67347089626953	1.05167008704489	1	1	1	1
4.63027904158734	3.13495993033783	2.33830254134832	1.12289469356546	0.170352091823461	1	1	1	1
7.06887297846706	4.15814533792941	3.35680931176338	1.96663093913479	0.599202910802093	1	1	1	1
3.14054670511444	3.38006481344823	1.84617966300156	0.546887943104862	0.385427090422347	1	1	1	1
5.34200459955942	2.98817207705864	2.02283940268648	1.50993371577308	0.897223052404899	1	1	1	1
5.85601844214289	3.05785043750475	1.44639551071418	1.35599161629068	0.255020129974052	1	1	1	1
7.46920163417814	4.22520776681155	2.33076500097475	1.7706330830688	1.38229968691922	1	1	1	1
2.83048286643068	1.98823790954615	2.03311707568822	1.08423849560501	0.632393858843386	1	1	1	1
6.9002454523976	5.08956533440385	2.73879506061531	1.96281699923152	1.71432753800486	1	1	1	1
5.71343144395841	3.38534076899271	2.08117398393743	2.03235984874014	1.29946323701682	1	1	1	1
3.61248225425329	3.36591632343796	1.27154672178442	1.32434585694393	1.1981603898394	1	1	1	1
6.53044923469203	3.2485622400873	1.94751126859527	1.79795391453618	0.789531074683926	1	1	1	1
6.46363270935316	3.5700652314809	2.48945558036444	2.46750619383172	1.03756331288791	1	1	1	1
3.86051151196372	3.45675065181607	2.71824579735398	0.770322164514541	1.19884166796724	1	1	1	1
4.9959554519917	3.67507855893728	2.51047394062967	1.68321547199957	1.2788283974582	1	1	1	1
6.05528293029258	3.71033907270773	2.30808712149341	2.09953627261132	1.40903335932069	1	1	1	1
5.15480694863918	3.20604793174028	2.2590467101003	1.45976014964506	0.917570129176005	1	1	1	1
5.05022910525328	2.77480022307342	1.64481460624808	2.06609142874988	1.83103093414999	1	1	1	1
4.88510447400739	3.30147286198069	2.62461956910887	1.51129867437998	0.911938123942493	1	1	1	1
2.27842867565374	2.63888968561966	1.83843397158582	1.54768477220105	0.382714799001139	1	1	1	1
3.34052106469322	2.94810649464657	2.01591274810144	1.88559518817087	0.310392952469665	1	1	1	1
4.39837978471795	2.74347232856162	2.08852974757139	1.16408123213286	1.49184923681676	1	1	1	1
3.55241535702492	3.81998813019785	1.53560357110111	1.52191975241993	1.28457979130593	1	1	1	1
2.6509941013166	3.01192662908671	0.984940762438075	1.22723539232174	0.364195134870681	1	1	1	1
3.27407381102799	1.45111743852421	1.50326195276044	1.04846667291365	0.622734670101426	1	1	1	1
5.6156987232696	3.68112045639439	2.07783809725457	1.59817424988903	1.55137735984773	1	1	1	1
5.37150948455392	4.0576496359792	3.00285350944514	1.48202180828662	1.76321143324524	1	1	1	1
4.79663901659303	3.42692860177496	2.00327325577479	1.85262061383031	0.961507276870352	1	1	1	1
6.8553345063927	4.09114391458331	3.27237458066957	1.44126662094923	1.29828959102434	1	1	1	1
4.10693914056145	3.65641822362397	1.54587490489499	1.13113753495112	1.09699846988194	1	1	1	1
4.94086797079911	2.93099320786036	2.0586235758447	0.927754369519129	1.24736868753817	1	1	1	1
5.31565324980898	3.84037234593144	2.08434501109177	1.79040928894408	1.76894349034496	1	1	1	1
4.00259042808068	2.7657382558963	1.34616677316388	1.46812158626407	1.48514990565362	1	1	1	1
5.41940594385097	3.60074342255524	2.25411546489595	1.94810749030717	0.994799345761892	1	1	1	1
4.03622242529006	2.25944911899331	1.24511491346268	1.2077293831163	1.33272318543664	1	1	1	1
4.33654660926972	1.94262434940794	1.58552370019589	1.17586637409601	1.09324747749938	1	1	1	1
3.29325137805278	2.63360064840785	2.86183784430704	0.75801185250225	0.481435519770919	1	1	1	1
2.93691805284078	1.78079569636547	1.44848139702084	0.405048741179221	-0.44737213219111	1	1	1	1
3.46877559010757	2.57265516604479	1.29718919256918	1.65184099603984	0.494091843491504	1	1	1	1
6.74562507934898	3.92363586424489	2.51416647223802	2.12178029859672	1.24159939392786	1	1	1	1
5.1974457262277	3.69696058708172	2.22448782951623	1.66587113053663	0.69753559133287	1	1	1	1
6.47413224113843	3.32512028650294	1.95360689859074	2.01645411191032	0.581446527447294	1	1	1	1
5.68206340968801	3.66879085676474	3.35439811222725	1.55026415326558	1.95852803451296	1	1	1	1
3.52500459140938	2.39220689603778	1.37929215889969	0.975350114240785	0.41772711098885	1	1	1	1
4.40542325811843	2.52618997287435	1.76512211282471	1.67863452058032	0.387794102983196	1	1	1	1
3.97088225864	3.01050504616278	2.5044040955298	0.869527138108987	0.895870480304558	1	1	1	1
4.28940495073909	3.61293356885985	2.41916115502769	1.46846226127173	1.09200451860681	1	1	1	1
7.12634826003461	4.17513273713885	3.97869507494048	2.00374629930405	1.60385847189467	1	1	1	1
5.28854429565233	4.01164899532117	3.09170292769006	1.49143992909849	1.06156969564015	1	1	1	1
4.74813220246822	3.71331109402052	1.96567522381098	1.27289781623058	0.843943908322045	1	1	1	1
4.86027347030694	3.21915737954052	2.64638985039664	1.56817325289971	0.453436272144946	1	1	1	1
6.9068431473162	4.01600416559314	3.08309586152629	1.9805647340232	0.250321697606065	1	1	1	1
5.56044344651647	3.10698772317831	2.48158411871897	1.51923406447302	1.3946130149069	1	1	1	1
4.4734686683906	3.02970057938437	2.36873988956062	0.765241923733553	1.05119870177191	1	1	1	1
6.48156246248501	4.78988091666779	2.58764468094631	1.79593514019928	0.960185138828544	1	1	1	1
4.16870403050346	3.3286335264203	1.22976056746279	0.692956628655576	1.20109924956515	1	1	1	1
3.40292939331382	2.08140484683916	1.07068952607088	0.365232699952009	-0.0536137387053691	1	1	1	1
4.84248913332742	3.28099618039147	2.2897174591823	1.7222922627251	0.0882748226772005	1	1	1	1
3.50990140871265	1.87316846301431	1.4033244701886	1.70249482759282	1.43982392209932	1	1	1	1
5.50054686370636	4.20041320189333	3.14843353104449	1.47337579287174	1.34066129885367	1	1	1	1
6.64953616741489	4.02181713223883	2.74042619271763	1.62697698475254	0.951952632920109	1	1	1	1
5.42679885540539	3.13757901431268	1.99673513741417	0.577380002854607	0.290562490526584	1	1	1	1
4.92493613696996	2.73473547651303	2.3644360426474	1.46479832815751	1.43419244734626	1	1	1	1
3.77900498196737	2.46897203269922	1.52557980150159	1.53601140800607	0.840802573099703	1	1	1	1
4.29784737178546	2.60011078017476	2.47494885537426	1.25376720441086	0.833867887466017	1	1	1	1
7.91208360377019	5.04882399661176	3.90769777956812	2.05185983291618	1.83595378338988	1	1	1	1
6.18144847520469	4.31147739990612	3.34005272065312	1.64143978429606	1.44303031863678	1	1	1	1
4.70887243512301	3.30281202427504	2.28828912528769	1.80147274969133	1.284854710362	1	1	1	1
6.81582156334165	4.1808870786139	3.09627012522925	2.00372364575288	1.22428834931515	1	1	1	1
6.1600403954721	4.78700693459394	2.43273497078982	1.18839551272099	1.88936556280079	1	1	1	1
4.31068468570385	2.74171772023973	2.09408251145933	1.24962451889763	0.949015614787452	1	1	1	1
5.62066600263986	3.88318200437653	2.90447735399394	1.69717619905548	1.50631049071706	1	1	1	1
5.11751007590881	3.68422129734955	2.36253336266399	1.6615163074911	1.3239080618128	1	1	1	1
4.81152747539961	3.59887092367565	2.49374627117506	0.811671091270332	1.16673759759193	1	1	1	1
3.66832829893908	3.22307172708325	2.14967170860782	1.24376419642887	0.858856435336696	1	1	1	1
4.25579467760756	2.03350084089546	1.90047603576159	1.82424276919413	0.0975476470035982	1	1	1	1
3.45854309337297	2.86204825669086	2.42539519574064	1.32826697438715	0.615869178778108	1	1	1	1
4.75401364901084	2.97284599575012	1.67500553766119	1.50023496971728	1.47099909022554	1	1	1	1
4.8184504800718	3.71231623388428	2.16233086781064	1.11254981788765	0.919881052730619	1	1	1	1
5.2407668179847	4.13761345333307	3.08300461019097	1.47540244635503	1.22276180952735	1	1	1	1
3.80436654025674	2.88016398912899	0.697586481829288	1.12846395060681	1.04577234372849	1	1	1	1
4.42212611878429	3.32201883802529	1.50047086149968	1.42365141045405	0.652854223061701	1	1	1	1
5.78876190955153	3.29446467330733	3.20387634962404	0.274402312808035	0.925793560933314	1	1	1	1
5.0198323660775	3.72046032306019	1.82975670340868	1.33653846307381	1.71992206608526	1	1	1	1
5.07733026489047	3.84406827589173	2.36848599624082	2.5841313181465	1.16265668446115	1	1	1	1
4.28404319728633	2.62533014697366	3.12795033329493	1.68165380418587	1.28540713474313	1	1	1	1
4.57247191893699	3.987886197133	1.72978069513722	0.65199344189036	1.14031672378714	1	1	1	1
4.45246411835546	3.44897505283545	1.9466879810812	0.877643974818564	1.00541303700457	1	1	1	1
5.20864570203879	3.32486935479974	1.49884142492847	1.56294448313981	0.934773997335621	1	1	1	1
4.8744903436257	4.49200057191537	2.9458503274213	1.35137904826387	0.807604766238977	1	1	1	1
8.81463648994789	5.47558513077608	2.6371228004277	2.68426491939941	1.59533558404093	1	1	1	1
4.16524870879571	3.12238387274768	2.21971279304025	1.40011165507296	1.5811551141627	1	1	1	1
3.75934495299263	2.52582875798585	1.03923858851816	1.115042588208	1.14442950461884	1	1	1	1
4.78719192837652	2.95176922697204	1.94582584241003	1.37604175891688	1.13368361769749	1	1	1	1
6.52643454697255	3.57279660903415	2.079056090701	0.689866191169483	0.17449980403426	1	1	1	1
5.25604003727405	2.99334916954666	2.32548423113932	1.71798830034165	0.604457402474231	1	1	1	1
7.40760968435213	4.08362318725499	3.6068747382832	1.64851358491682	1.52318843800542	1	1	1	1
4.29445797768552	2.5133885117652	2.22417203279144	0.945750275418065	1.10225453386545	1	1	1	1
6.66900894764838	3.53637653641962	3.54236963755664	2.47066222994692	0.480198689347545	1	1	1	1
5.74336957873666	4.08423085830698	3.356476254568	1.93584785940885	0.638135235742676	1	1	1	1
6.80274238115377	4.25105803248384	3.60519997976202	2.16632002750632	1.11040413535279	1	1	1	1
6.49031650444627	4.47618024482116	3.32377557800665	2.28241887943059	1.30405116468375	1	1	1	1
6.23164553929926	4.28497211557926	3.41890245090687	1.94204849789192	1.55533336886692	1	1	1	1
4.20841003846072	3.40626827381842	1.88787696046506	1.48636069681627	0.513155947258545	1	1	1	1
4.17046932197776	3.41663448968742	1.98793039244654	1.15000454973889	0.622294835441892	1	1	1	1
4.75730323058873	3.64858753118415	2.54909961189064	0.522925441163328	1.22052404478443	1	1	1	1
2.86546095121367	2.12776548571913	1.7899034952768	0.533520699748504	0.929637430669715	1	1	1	1
4.68152653506712	4.11527083459998	2.64045516153052	2.00938632866389	2.0672972208462	1	1	1	1
6.22195956804948	4.48905978236313	2.07954831611447	1.47240096020533	0.909905776927032	1	1	1	1
5.49985279857192	4.4296054026705	2.97364822975137	2.14154928414088	1.20392662960838	1	1	1	1
3.4360886380387	2.52834712536609	2.01113947694433	1.25959323979391	0.802979784481981	1	1	1	1
3.84016374458667	3.19817297322885	1.75607636306304	1.52727392906098	1.03371597736907	1	1	1	1
3.05060260585416	2.03357343029154	0.632599531448056	1.44147102128982	0.887626361265671	1	1	1	1
2.93007657580288	1.72406920663078	1.41319608263497	0.990070866176894	0.941373469347651	1	1	1	1
4.40858350628314	3.82711785975939	2.05949176992072	0.416348597402519	1.25550009636746	1	1	1	1
5.94958527337094	3.77558263708233	1.77674319239462	1.78715023322787	1.11125317966714	1	1	1	1
5.62127154504127	4.11243911102252	2.76298538045876	2.17936131168921	1.31272453987999	1	1	1	1
3.38305407681657	2.0993792484278	1.79488937950258	0.43179846331293	0.59795509719393	1	1	1	1
5.58080466463939	3.94584227846928	2.2591649108112	1.49973782086962	0.4014463553473	1	1	1	1
5.93712010394106	3.57446279556332	2.76230300486405	1.56994776683087	0.361084547600493	1	1	1	1
4.78011148000951	3.59114726226577	2.83818691653327	1.42311419792069	0.629000944144158	1	1	1	1
5.62429256365698	4.44997919977987	2.84168676341646	1.48873686853079	0.934508304552986	1	1	1	1
4.35129421842825	2.62915126264435	1.92118057492054	2.44223233128923	0.979183658573223	1	1	1	1
4.72673014231025	4.34574239234966	2.74450056320438	2.06915431310003	0.949320548260539	1	1	1	1
5.90827850171973	4.15771251833124	3.38034511743754	1.30176346512045	1.99268477425285	1	1	1	1
4.82802298110715	3.7698821518855	2.69066321743619	1.39212104459605	1.36879676916163	1	1	1	1
5.63103268411269	3.66549402089392	2.44324724547863	1.08455463219593	1.81280242148051	1	1	1	1
5.59882985233167	3.2790033658275	2.09237585424914	1.8082439338355	1.41975919265354	1	1	1	1
4.104302566048	3.13246846100707	1.9061024541139	1.74151713518678	1.09991572329863	1	1	1	1
3.36604858829021	3.01087038958978	1.47019502798635	0.390937635624464	0.41248800905261	1	1	1	1
5.30802578976713	3.39111256777958	2.21149872271739	1.43987232046906	1.8276104106858	1	1	1	1
5.46112569897583	4.41961712436593	2.37673054989893	2.23621695353619	1.57301903127414	1	1	1	1
4.29507755486183	2.79629335100254	1.70566865717753	1.13461218722521	0.770295467499249	1	1	1	1
4.9875413626988	2.44613336491727	1.8212424404092	1.42957827243181	1.86320683805919	1	1	1	1
6.56424398417876	4.56869552883143	2.67676592837936	2.95739755906462	1.01486945915787	1	1	1	1
4.13138956936962	2.59220352032411	1.76303537912062	1.49558923837755	0.618654779854733	1	1	1	1
4.23280792260579	3.5527184017612	2.12755796867911	1.54846140802529	0.203417716382398	1	1	1	1
5.70006339200558	3.34099742842856	2.04829888035904	1.96679559053296	1.10139630320691	1	1	1	1
3.67400645777663	2.56142266326974	2.40167347202843	1.22879861623484	0.775559651917513	1	1	1	1
7.69740386163218	5.00209687560626	2.9513091125324	2.11155742001963	1.74381389195148	1	1	1	1
3.27799478197892	2.50013483465081	2.10501584500982	1.03481835732725	1.65688491950906	1	1	1	1
5.0490561275822	3.46188678582889	2.73197824356555	1.91853456926956	0.858291728507817	1	1	1	1
3.79547812596751	2.14679428316057	1.42935301173643	1.08496568823655	0.841502477105642	1	1	1	1
5.2952929108726	3.71288790929138	1.96419529075978	0.453143350060764	0.892277245553586	1	1	1	1
6.00951387000083	3.86911471558956	3.12149699267282	2.11649471301331	1.05070901245855	1	1	1	1
3.51191544859111	3.67308429365071	2.15771322336911	0.861313431540851	1.07541244620865	1	1	1	1
5.90563930913818	2.51553211727524	2.25752866220721	0.776731952438176	0.330779259727447	1	1	1	1
4.42292074900238	2.99690573242575	1.68033499905041	1.09257128238208	0.94062621008225	1	1	1	1
3.35872273827141	2.94438732003929	1.50982392553134	1.03681871224186	0.397621486463419	1	1	1	1
5.22399525468342	3.46018138761757	2.178784710498	1.71393213840231	0.524259830037502	1	1	1	1
5.86258849851738	4.15534415237024	2.45907055117058	1.10881887324798	1.37111164906943	1	1	1	1
4.63094619001805	2.8902422849844	2.11162954917137	0.556421918900951	1.15394391658329	1	1	1	1
6.19784280205295	3.63516587891253	2.46721863803616	1.56151864130509	1.21539585857272	1	1	1	1
5.51285765305177	3.61608902578686	2.70487730686828	2.09406255474409	0.977094925079338	1	1	1	1
4.07230386090694	3.00421010220251	1.96365286117706	1.22192416995101	0.416700984704144	1	1	1	1
6.20819339394431	3.39759081741021	2.19879618817944	1.54675847308567	0.811764433787514	1	1	1	1
5.55290724607244	3.3622454338657	2.13029398658725	1.60179269247638	1.41808634561147	1	1	1	1
5.2986397096452	2.66597873615319	2.36189817305745	0.937589519108664	0.672560050374894	1	1	1	1
3.46732215462689	2.93177648418165	2.57109705134558	0.765444092277695	0.790672295218338	1	1	1	1
5.13396049088929	3.66796626314623	3.42541342402412	1.82017883050068	1.83319524724127	1	1	1	1
6.71285044503408	4.35276180165597	3.69401922225631	2.45875188051179	0.646613573021661	1	1	1	1
5.88746169684107	3.08177060058715	2.40481837987545	0.726075510542319	1.0262143887737	1	1	1	1
3.62553897735929	2.8945470475816	1.94326260798763	0.954527046745514	0.986656204120407	1	1	1	1
4.67428523141892	2.58218413343024	2.08898246984516	0.804352738445448	0.479390117153888	1	1	1	1
4.44186194168889	3.54943537893998	2.03780086259603	1.91038903302993	0.534853342734072	1	1	1	1
5.63596113268183	4.42915410339485	1.9196976171866	2.2889527214186	1.69747951079326	1	1	1	1
4.38525139094922	2.69335255036895	2.03841405126706	1.81453680694138	1.47706403519301	1	1	1	1
4.56992027541462	3.18607776248074	2.76728255811014	1.37447730977203	-0.0077811807962338	1	1	1	1
4.96433231697739	3.04272212478751	2.31439313607438	1.49541478004101	1.22363821681066	1	1	1	1
6.12515247935214	3.19350716255097	2.48432916610238	1.84574396401066	1.19439682200503	1	1	1	1
5.64234153815511	3.63074740431597	3.27620321338783	2.09214464530238	1.46814243523455	1	1	1	1
3.19973081750015	2.03553161765844	2.57539220124776	1.65243339873702	0.506430292828145	1	1	1	1
3.76190780922701	1.92953721026643	2.07523206294465	1.28430807157419	0.778983787219947	1	1	1	1
5.2686700870195	3.87349350348022	2.20484102116863	1.62317424904705	0.318953630773379	1	1	1	1
5.13025409883246	3.07634808981101	2.1939133590447	1.5117251067052	0.821337048176553	1	1	1	1
4.49733915795769	2.39821612569457	2.3169997606512	2.21135059881752	1.37567657231325	1	1	1	1
6.81949321658456	4.34942219887507	2.72805297265996	2.61645676806385	1.63857392160248	1	1	1	1
3.5038884213723	2.31603511901921	2.28631270957979	1.41923328140184	1.39136421224442	1	1	1	1
4.1635768693242	2.74145800841209	1.03889729587297	1.00181293544179	1.82302926532616	1	1	1	1
7.82926567472609	4.41688553718776	2.60718388524559	2.26760424137831	1.64791390211659	1	1	1	1
4.2466550469863	2.83822267520457	1.82255981801327	0.611800258045808	1.36827891980985	1	1	1	1
6.05791196326362	4.17576191352641	2.72300856262143	1.96642922343276	1.18346743004892	1	1	1	1
4.88133470886368	3.07459219483199	2.63082806760291	1.29788137205783	1.14060128963542	1	1	1	1
6.78808548933577	3.78922374832106	2.84360541994713	2.28587722766206	1.09368688686569	1	1	1	1
6.29514337897618	4.20280534428594	2.38577733661812	2.22153219809448	0.782745238817767	1	1	1	1
4.65800571104499	3.26618695493437	2.87334814607495	1.31034421307369	1.34784792472489	1	1	1	1
3.95563311909517	2.28184107260682	1.5239775708363	1.83863116753585	1.15058711646802	1	1	1	1
4.74640202722864	2.33442935032549	2.3063387820515	1.8735050190395	0.858426758615726	1	1	1	1
5.37691963431889	4.2254049449551	2.40197069866504	0.917292790950438	0.482458242338692	1	1	1	1
6.34445712463735	3.741471262553	3.32428187521431	1.27571401763121	0.613839843037584	1	1	1	1
5.58439594928341	3.51535368813995	2.25501940845116	1.40255039752891	0.894075636441022	1	1	1	1
6.71290659228033	4.03675644036093	3.62877213370206	2.17113079385151	1.68123018588844	1	1	1	1
5.00183769286655	3.09399209914737	0.929166470341252	0.891974179103882	1.12104435793989	1	1	1	1
6.90749310413444	4.31264473492912	2.53537048666968	1.74789112154451	1.55821686354103	1	1	1	1
7.7483393165056	5.66857572816478	3.62695661853985	2.26255471446798	0.186322902568318	1	1	1	1
4.82802001820648	3.14176233140076	2.2370106192784	1.67148910016306	1.14566095466835	1	1	1	1
5.59087704369695	4.15706173520941	2.97180169078314	1.66077869462911	0.918687724607646	1	1	1	1
5.30829632043263	3.07230569433818	2.10624086906947	2.1949931388724	0.507801921056402	1	1	1	1
4.85878420721966	2.50621327258929	1.84727424529955	1.14364254829727	0.954705729209567	1	1	1	1
6.52963328797951	4.42187302653279	3.31754792448349	1.26567672085294	1.3617816719287	1	1	1	1
4.66676197765098	3.18912692232033	2.58034631289775	0.920242407444855	1.13594679271513	1	1	1	1
5.62305795632924	4.74451283669306	3.08490201448613	2.30164271867273	1.00648465511343	1	1	1	1
5.93370465811981	4.0533821270998	2.38416982332222	2.1386788927517	0.315922467049286	1	1	1	1
6.68210590896353	3.66698147392583	2.10291750772192	1.66549792502781	2.01713020106665	1	1	1	1
4.36917002322577	3.19880094601369	1.68952998452272	0.804636977327574	0.395750249720878	1	1	1	1
5.73887912981031	3.82446340120501	2.54472860028233	1.55057464935421	1.50753805403415	1	1	1	1
3.51889724127974	3.36047972763834	1.59453027917332	1.27527164541074	0.957711095932811	1	1	1	1
3.39647117975871	2.73210805906837	0.818251610610425	0.4965363358099	0.54494486851673	1	1	1	1
5.78177808039644	3.99072543994005	2.6779400610556	1.12492166958442	1.85934370239183	1	1	1	1
5.97025639886126	3.73529265431761	3.66600257351886	2.55449192590646	0.641690798972578	1	1	1	1
5.02453527068451	3.27068499399124	2.49218734210264	2.50184325932596	0.904492843942668	1	1	1	1
6.09587476722103	3.09765646749483	2.74236749924765	2.06720340991556	1.18762112730557	1	1	1	1
5.29907040327725	3.3283581584402	2.15586390170457	1.06122751020973	0.615537575192665	1	1	1	1
4.1478217499441	3.44469540991614	2.72884968393819	0.972010318680307	0.544550877291231	1	1	1	1
4.18369157233209	3.14192687375223	1.02197876175316	1.84712630509431	1.15255363318153	1	1	1	1
3.60383032623173	2.01706868174402	1.4822084012926	0.708789316943102	1.63753954241257	1	1	1	1
3.72038744791169	2.01922528959607	1.51686600041063	1.84391406204165	1.08288488809095	1	1	1	1
6.3087096197487	3.8592284813803	2.67012452145615	2.12180607326989	0.797095630949127	1	1	1	1
4.91725263409538	3.40696100769939	3.06331142952732	1.6979134826102	0.92983493394264	1	1	1	1
6.72250850175714	4.14091741660975	2.43371938836379	1.51047608959266	1.53907817237375	1	1	1	1
5.02013042333096	3.00859393296888	2.35871623628521	0.326026298418038	1.45195538105297	1	1	1	1
4.52647827964532	3.03404476967787	2.02882778336915	1.10344828868099	0.45037296840944	1	1	1	1
4.23582747274337	3.02083163534214	0.851251141656099	0.897912519776058	0.924054338894692	1	1	1	1
5.79945368506939	4.7163767897192	2.5281551531697	2.15800907077213	1.24297637877969	1	1	1	1
4.15218915370252	2.6557698932254	2.22938253628731	1.00005833696038	1.52389109683	1	1	1	1
2.692682364665	1.1536514500069	1.90182131140253	1.0946214657094	0.70679908538097	1	1	1	1
5.78906377936983	4.12305430265688	2.67028015190726	2.39303315165412	1.67344618460536	1	1	1	1
4.53458813689997	2.80954166241091	2.16020031025443	0.482657075588867	1.08550610608603	1	1	1	1
3.53400094941114	2.35195087202978	1.85453278423088	0.818966153044779	0.802532371083184	1	1	1	1
5.53655855834563	3.10492896842285	2.02769944475605	0.634572804356723	1.23280423999654	1	1	1	1
4.72531757527804	3.14400301942632	1.81550044604839	1.6933984009222	1.3329194931455	1	1	1	1
5.34620983086954	3.29084033037556	2.93493785650422	1.20012273383993	0.234702823525348	1	1	1	1
3.97159603906438	2.83638676547492	1.88147886454287	1.53728060406067	1.79966671043141	1	1	1	1
5.24377525355646	2.8187733556321	2.42143891020443	1.30056262761627	1.23424979050003	1	1	1	1
3.43516610576848	2.23717069341291	1.97950876118854	1.24399429829519	1.45612257708391	1	1	1	1
5.24947322804617	3.26298994640455	2.75045382609443	1.41720321933702	1.24817262205548	1	1	1	1
5.33341461084093	3.34654108109288	2.20372032967785	1.96157551983302	1.2378406658648	1	1	1	1
5.5444351856682	2.57870359596468	1.40748183216944	2.0404570314015	1.45859194502735	1	1	1	1
4.71734624636938	3.52053536644146	2.60257376920083	1.35509772002519	0.80916166693148	1	1	1	1
3.8132570331958	2.88743298973903	1.43546948257935	1.12132957556453	0.863568102147402	1	1	1	1
3.74784548839817	3.08772462838851	1.70585874581855	0.698777093136942	0.970584334897221	1	1	1	1
7.32721750609877	5.83027673357655	3.33213726088772	2.11758714844641	1.91980697437917	1	1	1	1
3.47498381048357	3.56962386795003	1.97899876732607	0.811108230754299	1.06397420741205	1	1	1	1
5.14291836939527	4.14458492839478	2.54509133060043	2.091825859796	0.944835890121064	1	1	1	1
4.00390539718243	3.55027050273303	2.75033769350436	1.65096786308982	1.03209868439599	1	1	1	1
3.14455241869523	2.0117560709622	1.98630034771483	1.95548646028336	1.51915914130842	1	1	1	1
4.42193382842467	3.03338262290662	2.56492647192316	0.734392272254794	1.03039744652126	1	1	1	1
4.72981814573733	3.05558272632108	2.44826552858704	1.50256438927262	0.978446285883279	1	1	1	1
5.30905292729944	2.67155982161263	3.1908137985048	1.92723689191312	0.189240096751534	1	1	1	1
5.83202357948369	3.52369628499694	2.6697343514172	2.27868690004453	0.692230160571441	1	1	1	1
4.99749440167945	3.54638237354696	2.35154148561919	1.19442713527088	1.10157741343522	1	1	1	1
5.47087985840621	3.90811280345562	2.54027558891028	1.40397814731079	1.24467169710115	1	1	1	1
4.36306368015546	2.85998684946772	2.63597282307847	1.56236023332448	0.986131216642662	1	1	1	1
5.61517646945401	4.33882426384625	3.05855579367486	2.08915294109794	1.61809875130568	1	1	1	1
2.9720148328745	2.39777461125907	1.31029724587769	1.0085438654287	0.0975230539845693	1	1	1	1
3.70088303131985	2.0245589935256	1.2855318127029	1.3121832430517	0.640797788789026	1	1	1	1
5.75223626064539	3.78558806083014	2.36086120144199	1.95449234827274	0.766487400945474	1	1	1	1
4.550444298989	2.44530897288943	2.36718014075869	0.562605658836955	0.453064196509176	1	1	1	1
3.49487111751649	2.33518116323367	2.22312534290026	1.28172563594387	1.36012522975409	1	1	1	1
5.43073963395254	3.71651624278715	2.98534488204514	1.43543436291297	1.15751528077897	1	1	1	1
5.02158706565365	2.55336787960721	1.32376884215001	1.68005649972121	1.02684704666039	1	1	1	1
4.71656796401017	3.22420837122771	2.40887190316237	1.50283575939268	1.69677787605515	1	1	1	1
2.57981147584447	1.71339968786608	0.881671665992608	1.02120756829578	0.890862273413987	1	1	1	1
4.15262724176678	2.4973320966269	2.37964064213053	2.04581899862962	1.24002456756446	1	1	1	1
4.79452269703441	2.94809514459563	2.05566997011747	1.31679234641479	0.430354253082471	1	1	1	1
4.74939491160506	3.79610797332372	2.37269479742162	1.46190574038054	1.76752712053393	1	1	1	1
3.52203752080514	3.10326301443378	1.87671565226531	1.98181262801511	1.06232901013731	1	1	1	1
4.9770007261845	3.30109967422384	2.44916094838236	0.725448950737361	0.500766615811083	1	1	1	1
7.26086982577427	4.22906004914322	3.61172504971453	1.22397860189875	1.05356182475501	1	1	1	1
3.89919841767279	2.87131237059521	1.90493169721987	2.01054508870229	1.16361593001923	1	1	1	1
7.1223037327376	4.84167512193066	2.46813782834719	1.73931608550056	1.67249675224296	1	1	1	1
4.23835172172003	3.0664415209774	1.92714516340349	1.58051587144952	0.782390095536302	1	1	1	1
3.5035050081507	1.80251713918192	2.0561442029655	0.45363127934076	1.56406547668454	1	1	1	1
5.45667838344447	3.28341147144198	1.81452628838289	1.73629852542457	1.78736028647283	1	1	1	1
7.01233261641699	4.74808486588881	2.79643411815705	1.94375915977067	1.02990301608575	1	1	1	1
3.52264723258542	2.07719646539738	1.4264213205555	1.50253203518287	1.2594147174641	1	1	1	1
6.68559832155698	4.46912905405082	2.80647118381575	1.89828983116853	0.551628011410099	1	1	1	1
5.39085555683788	4.36892222771929	3.34994202988941	1.70733856424667	1.65900894721768	1	1	1	1
4.27319255962155	2.77981813424084	1.37934322742643	1.7549071260677	2.02680731948698	1	1	1	1
4.62816017851194	3.20248620812302	1.78631740365646	2.11869696140853	1.42694017890323	1	1	1	1
4.06957889074005	2.33180327370987	1.90850977594971	0.619258196634422	0.974192606685078	1	1	1	1
5.8087478719786	2.6168735194584	1.81205280240375	2.12936318181174	1.39593441053005	1	1	1	1
3.95889765416199	2.46942432252703	0.661342872270188	1.51242981370742	0.953685512031965	1	1	1	1
4.44785160028149	3.04827489969983	2.2189902148611	1.90262281602305	0.573201447835863	1	1	1	1
5.58811931286043	4.58489578852412	3.11706321399375	1.96549700320375	1.30242660777259	1	1	1	1
3.82084438526471	2.6278481957763	2.08304325541246	1.13671600898791	1.30509884985356	1	1	1	1
4.95735457020431	4.142707239508	3.10132489425461	2.38842908101765	1.30949101062841	1	1	1	1
3.2734640259703	2.22900902352637	1.60318679037885	1.61497727447774	0.803181709260766	1	1	1	1
6.18684762044167	3.90105505359293	2.52177863171746	1.23318625544036	1.12100338171653	1	1	1	1
3.24070704031823	2.62066148625287	1.79531127134396	0.447075907001645	1.33372054703039	1	1	1	1
5.95724585241983	3.49094113702081	2.52351139251139	1.64720441658028	1.03545454898848	1	1	1	1
4.82500979793324	2.84021108962841	1.44266610855218	1.06331369903039	1.10433029418046	1	1	1	1
5.58729132045193	3.77399154758792	2.22415828748476	1.66036971424844	0.883870054425597	1	1	1	1
3.39360191267899	1.97700576173924	2.27608841915349	0.947378898560624	1.12305985038394	1	1	1	1
5.03987993556314	3.96162728356323	2.68389839851796	1.54527790528349	0.900235405137691	1	1	1	1
4.3964871536995	3.05127149818697	1.70674291216695	0.933414233464723	0.641120284425077	1	1	1	1
4.13551378097158	2.96224078996809	2.29867193608271	2.02772149297884	0.79270344157448	1	1	1	1
6.07073193610979	3.51254592110093	2.43377126918248	1.23661616431288	0.877417547207957	1	1	1	1
5.22328154212134	3.26294389435139	2.53016865088614	2.63626981719238	0.546938288698098	1	1	1	1
4.03122947204296	2.6452241409677	2.75343724185473	2.01819645794901	0.740115817381291	1	1	1	1
4.99239692125872	3.3459873494031	2.43120323353049	1.4128385778989	1.18921992155544	1	1	1	1
4.72612523863059	3.31688001810748	1.66346391241984	0.751401176160084	0.62394303982493	1	1	1	1
5.62128861363171	4.742942125123	2.78878275928891	1.81414440227345	0.641013023178207	1	1	1	1
4.36621038444622	3.8923490003157	1.79658210032066	1.90079178812912	0.0372441448848234	1	1	1	1
4.6155416294892	2.74166200658605	2.79623896299141	1.36584526542697	0.988186559552454	1	1	1	1
4.86021395438858	3.41798329972145	1.67196591736417	1.02343519202716	0.802501689308159	1	1	1	1
3.88664737254566	2.96664988260906	1.85173971443175	1.04406531875396	-0.388577361588648	1	1	1	1
5.87761331435338	4.13329507491323	2.40655301854979	1.70212348622926	1.31934621011793	1	1	1	1
3.80273359383449	2.78833998606374	1.73062594862194	0.388588064519865	0.804965780046767	1	1	1	1
5.11051694354416	3.86529549934478	1.90231775407044	0.855576119315839	0.276955516200383	1	1	1	1
5.10168231917955	2.97154855798522	2.49601613391195	0.572147795368214	1.89018242152155	1	1	1	1
5.61638662917769	3.35174092065408	2.6111866512646	1.78937397793923	0.167354598091569	1	1	1	1
4.90428492212832	4.83648233025387	2.51557718665593	1.66925593816958	0.952115468368082	1	1	1	1
3.81397838875293	1.78283944547101	1.3922921535145	0.983727472194688	1.05900142323752	1	1	1	1
4.46845391416321	3.0314450860434	1.33236497674231	1.58809639359028	0.644535989542501	1	1	1	1
6.45527799277466	4.15771529717439	2.24579081007472	1.56620112630534	1.22774550597598	1	1	1	1
6.53416956588077	3.49157019093138	2.77002469814867	2.02560031784965	1.06303847575914	1	1	1	1
4.13073323270739	2.00955432158729	1.55226458117629	0.768174661214392	1.10466499541841	1	1	1	1
4.52272536042315	1.939007492104	1.76291380745191	0.804435067603486	0.608757401802342	1	1	1	1
2.81619951855103	2.44436536441714	0.899265095936808	1.73140705781204	0.626447406275722	1	1	1	1
4.65885953069656	2.22128541713126	2.89860595422672	1.84104524527807	0.369922218992788	1	1	1	1
4.94337897585803	2.95325287594285	2.7775036139303	0.96636388061107	1.02928833556057	1	1	1	1
4.89949424337839	3.08016985274846	2.40697287362788	0.31232355494762	2.16424296525633	1	1	1	1
7.21426426845765	4.84809345062647	2.67408437904896	2.25428148697234	1.61399385246525	1	1	1	1
3.92738569035557	3.36783204412912	1.45253830339418	1.68708580257994	1.47515037281933	1	1	1	1
5.21380275901862	4.01560897940071	2.29670870748939	1.70957177390435	0.76321053589115	1	1	1	1
4.19447953346811	2.68400863599496	1.13812033530792	0.641737571726587	0.855050136131683	1	1	1	1
5.16263630873204	2.75394675145954	2.08383209326863	1.49333703810057	0.825717858072904	1	1	1	1
5.44678910803944	3.18301729551606	2.10065104955996	0.992223354270916	1.47250261691064	1	1	1	1
5.29660465390829	3.87113806901346	2.18624595752076	1.47629620521631	1.35515561917007	1	1	1	1
3.79659152435359	3.74069199132778	2.40266164180263	1.61241832843788	0.841612442893756	1	1	1	1
4.03729547621602	3.26566320012711	2.36144422811149	1.43101302521579	0.740976974017205	1	1	1	1
5.38708471462247	3.974871180438	3.36255565617654	1.06528194539273	1.54550405678352	1	1	1	1
3.78716439606896	2.42676656551527	0.458667309237383	0.801147996333815	0.660976061468364	1	1	1	1
5.13570954647952	3.47139447008344	2.20902299260566	1.73635850612277	1.71745001846388	1	1	1	1
6.14150790104534	4.23500446367733	2.90144981557625	2.25902995997872	0.854772153375088	1	1	1	1
5.02718816668577	3.05646400977418	2.1486458698405	1.0432178358286	0.76920414028525	1	1	1	1
4.97321023566209	3.2286229562731	1.2942440199925	1.63720044280809	1.1312533347733	1	1	1	1
4.51878585748635	3.08548064840981	1.91968560073497	1.87546875492054	0.593228412769475	1	1	1	1
5.9375554981667	4.19773479965501	3.05804244048217	2.42467721650716	0.278232501631067	1	1	1	1
3.49982594849461	2.71331568611687	2.5393658593909	0.915017845297178	0.932465216129854	1	1	1	1
7.1994870439859	5.14474573573017	2.65402669220809	1.70950814934197	1.50606905545906	1	1	1	1
5.71787418825084	3.76158811567588	2.60190956617686	2.18636962078609	0.841611001345298	1	1	1	1
4.18750811693009	3.56300165393265	2.46663446368379	0.352436848734147	0.446685242445026	1	1	1	1
3.52976901602609	3.0727065886213	1.85463312470791	1.77335512319873	1.6126116443377	1	1	1	1
4.67264023231473	3.84441949266087	2.96731727370662	1.80514383411967	1.25650766289435	1	1	1	1
4.16340514177732	2.70281615033246	1.39712643412487	0.982591475838513	0.520950340950756	1	1	1	1
6.64552369720836	4.15828696288714	2.63741853636633	1.77313670822554	0.747640619166152	1	1	1	1
4.4199408558305	3.03219199177297	1.65696827693096	0.634794681489051	1.05588363783781	1	1	1	1
4.30494434729087	2.45793722994551	2.18690432115475	0.68314327310994	0.92544399725599	1	1	1	1
8.17430024971746	5.21644646405198	3.60539840589376	2.13639483891883	2.58044597748815	1	1	1	1
3.43042552278446	2.76817389339169	1.82572346678534	1.46885543209078	0.683888574604791	1	1	1	1
5.95420924985533	3.84540802444375	2.62722982384018	1.71437231255188	1.16478091623163	1	1	1	1
4.97484593445727	3.41206405010179	1.89583325983723	1.64951303233018	0.668734423295448	1	1	1	1
7.22148174646291	4.37957325547012	2.91059135429668	2.31110513289701	1.15317946990217	1	1	1	1
4.75539628692992	3.58482571255037	2.06144782860063	1.06740824086773	0.456726176135687	1	1	1	1
6.0611330401908	3.95243726677147	2.49484057843505	2.47060769224405	1.34995622525586	1	1	1	1
5.30021528170509	3.34800574839445	2.44483886234074	2.0490551957392	1.53174943499224	1	1	1	1
6.66618707449058	3.50429431267531	2.88480815300593	1.40443360509687	1.78642113280523	1	1	1	1
4.35110431927417	2.95898404674597	1.53737644204338	0.423519232750875	1.11496046056567	1	1	1	1
7.7118180979915	4.44397485103892	2.9478620749368	1.87192590324883	1.68105687282407	1	1	1	1
6.12233307462362	3.62445169753677	2.3896150526847	1.60986179328529	0.370569276926154	1	1	1	1
3.73526322114218	3.1044587774867	1.89008526235377	1.86160650127538	0.834599419131727	1	1	1	1
5.89314066276468	3.4516207869998	2.15278536719744	1.38813584776211	0.309008249628898	1	1	1	1
6.16405634838581	4.0619421066662	3.13317018372769	1.45745205032498	0.686012835198992	1	1	1	1
7.30302289070992	4.16855899272288	3.55817746901663	2.40162566095256	0.749098197215248	1	1	1	1
6.33401819076383	4.33057724269604	2.74699140440018	2.23548103023937	1.53103226900465	1	1	1	1
3.73670846022813	2.6075411553699	0.63873582895627	1.80860248255904	0.890562930337226	1	1	1	1
4.97204542975696	3.00329475795726	2.51705218912552	1.26932838084311	1.34269210735598	1	1	1	1
5.1243664364446	3.57787060932312	1.44574497416689	2.24656499305943	0.894608163414948	1	1	1	1
4.38402012819377	2.72787380273672	2.33102671910704	0.917320851202704	0.568544066197302	1	1	1	1
5.29271723321685	3.89708000766695	1.68939318924577	2.4551901850867	1.09760911226825	1	1	1	1
4.28391832532835	2.70499152086781	2.43857626330741	1.22249249590109	1.02902714600875	1	1	1	1
6.02177894243467	3.72910745763745	2.20333677384332	1.42690658633445	1.18259348746574	1	1	1	1
2.67599222446306	2.92862806799207	1.63608878105275	1.03313130041749	0.50680479604573	1	1	1	1
5.77448636711869	4.83600621634328	3.34251395945679	1.77627755261877	1.68216369043541	1	1	1	1
2.6958592685265	2.31098589581174	1.06446631266285	0.589367132068632	0.627799813269167	1	1	1	1
5.5266206018098	3.93256181449525	2.71157034049679	1.72605593650055	1.07124333334877	1	1	1	1
4.83618867732784	2.50619709671617	2.2534483727858	2.06697185485749	1.30903360207437	1	1	1	1
5.33178338184595	4.66927750537472	2.20060712610573	1.30125164946094	0.909788949442947	1	1	1	1
4.11114549749684	2.64120732704114	1.92638231331378	0.80338267139291	0.732096130150921	1	1	1	1
4.47916206769741	3.17326896620688	1.84559258361124	1.55584444165154	0.436773729246534	1	1	1	1
4.84351658566648	2.89120429936376	0.208127620647192	1.51094823791195	1.15248745919	1	1	1	1
6.04800062947116	3.73856869268437	3.19299668491326	1.33198492721048	0.509812843920244	1	1	1	1
5.27072469705856	3.95196055474767	2.10321258666985	1.54700910038046	0.506436323690513	1	1	1	1
7.01540173698544	5.298733123828	3.75695671237536	2.2064550241651	1.8016708442224	1	1	1	1
2.4466122559534	1.48071570579165	1.19907729160461	0.633121414078387	0.521204594725192	1	1	1	1
3.89929922120451	2.44017005169329	1.72643264140287	1.18292134748522	1.79055029066865	1	1	1	1
2.63599311232943	1.89351163096334	1.37455222616481	1.47503448052538	0.661022599855006	1	1	1	1
5.12237735401591	3.21530883502071	2.7338719784677	1.87102832154659	0.442264964958111	1	1	1	1
4.27056025967242	2.86411628129417	1.66145585455242	1.35266926521549	1.57724167844313	1	1	1	1
5.04880517981037	3.39574028832211	2.2890048787816	1.06904964571407	1.01284493766583	1	1	1	1
5.41404839792872	3.3008547247087	2.27903511000321	1.41937481537645	1.88412688563643	1	1	1	1
5.81215914239525	4.27779377916971	2.61701716522494	1.78461901331501	1.38897906148815	1	1	1	1
5.25735678167182	3.59100146742014	2.19051262677881	1.35361987207494	0.949413104747164	1	1	1	1
4.41362949871408	2.33259863947726	1.97821567177875	1.89456525869937	1.05213691799621	1	1	1	1
4.74036807967383	3.5625706319266	2.36766458425931	1.90592591700973	1.2089597532605	1	1	1	1
4.64307434725347	3.05186291929647	2.48280183946977	0.714542473581997	0.627858633952142	1	1	1	1
7.08544385975383	4.6394888472472	3.49828207423214	2.18108638539893	1.52936167316871	1	1	1	1
2.99751830056761	1.83617760864672	1.12438566986784	1.36161006037715	0.434922111056217	1	1	1	1
4.32544404358952	2.97860228179064	1.68559007297954	1.28345448223064	0.46099473003275	1	1	1	1
3.93668726477418	2.12484844076797	1.62717388454584	0.927660617454884	1.316892914019	1	1	1	1
3.62135138132416	2.60162632103454	1.77234798332818	1.53530642622955	0.919766098089316	1	1	1	1
5.43369288488117	3.34666248317889	2.90032503945275	1.57216263824804	1.21023072224538	1	1	1	1
3.71720439921806	2.20011263130182	2.1141793315585	1.18886689331086	1.4731093261216	1	1	1	1
2.42582851550327	1.30233383231548	1.42463423392815	0.77559489000503	-0.160803896573466	1	1	1	1
6.23705188855937	5.13550370486464	3.33316965760586	1.63260381407402	1.80947242631905	1	1	1	1
5.57062349294946	3.27967666198555	2.33103794408515	1.06714921802411	0.574792192622784	1	1	1	1
4.18208894368617	3.28997271979793	1.95218945913241	0.905608263599846	1.38620575933324	1	1	1	1
4.91452196811272	3.73348339141345	2.02137629401416	1.38227356382979	1.52088923747901	1	1	1	1
6.02902912972741	4.14208064216806	2.64344738841222	1.39397554232414	1.22582122135225	1	1	1	1
3.47951203564745	3.26275006679453	2.33649846327179	1.60377156778985	1.54231196954384	1	1	1	1
4.09361147873339	3.22318682625169	2.32513082524644	0.799232494409597	0.919709404199981	1	1	1	1
7.18392622373873	4.67537496956741	2.88411487852363	1.98608555620537	1.24173300082273	1	1	1	1
5.46701033973015	3.37507109971397	1.26715454689231	2.18694489964546	0.400516384050023	1	1	1	1
4.21622134674383	2.75298262944102	2.48698477690904	1.71117621689171	0.715612893452523	1	1	1	1
5.31934260442887	4.38338074711177	2.49582401973604	0.609840176822884	1.37935546986997	1	1	1	1
5.05968123736159	2.59218122250696	1.76391701860905	1.22560085824278	1.32815486384316	1	1	1	1
6.83431918684953	4.52647042434589	2.71783685937095	1.99808055569765	0.812649113101565	1	1	1	1
5.67665383857462	4.69588980274	2.47347667356675	2.49119955128544	1.77349840858966	1	1	1	1
4.60150574119379	2.75537517372042	2.22730598011987	1.14402848055618	1.22197195335833	1	1	1	1
4.38708079029141	2.56333116066266	2.42653008948572	1.41952176676755	0.822707544561306	1	1	1	1
5.12787282367613	3.33448259127796	1.66883727574836	1.71274601832473	1.29739082280425	1	1	1	1
5.00644533184758	3.15603753675092	2.24406475014658	1.11010583622071	0.737182130774458	1	1	1	1
7.17380222119786	4.85880825156416	2.49046388323217	2.51434577097509	1.92291956616066	1	1	1	1
4.00241968789655	3.3309667324948	1.9599089508517	1.54530492090514	0.593268332387383	1	1	1	1
4.76414040734694	3.19443674095566	2.27354882882582	1.13381744171699	0.988293198614231	1	1	1	1
4.31556115095894	2.93571723022668	1.15930982969222	1.54380356502624	0.931011016246787	1	1	1	1
4.79745011663149	2.34172375527718	1.91487207957065	1.97365264115772	1.34108671047344	1	1	1	1
6.12225911122298	4.68853090115848	3.43471877780502	1.94371590802803	1.17626857700489	1	1	1	1
5.99132607643063	4.09601950790222	2.42870783539088	1.86706068862766	1.08547330796829	1	1	1	1
3.03297157906077	2.37897782420855	2.72078147119977	0.44711629169994	0.947807477476547	1	1	1	1
5.04830994094612	3.41123633131094	2.25656557335589	1.36730716249406	1.52105981658787	1	1	1	1
3.41876875891153	2.72789413927108	1.80194279799284	0.958736252511822	0.380973216490838	1	1	1	1
5.81895206906946	3.81985204702931	2.54439677055505	2.1403001334639	1.48558598102877	1	1	1	1
5.15234008965283	3.77565419549059	1.75561792871087	1.07812538729693	1.18244309105885	1	1	1	1
6.84060535273953	4.85714834637871	2.92910508882837	1.1016334877222	0.85492663404488	1	1	1	1
4.2756405288076	2.73488387291176	1.95193641081397	1.3071351891677	0.800940889839449	1	1	1	1
5.91744116175162	4.45046495041093	2.04075918313705	1.58866490487807	2.15627950672617	1	1	1	1
5.59728656200176	3.21012415270567	1.63980284985578	1.88008983136652	0.508060210471905	1	1	1	1
4.1017002900803	2.27247126744363	2.24337506216209	1.0802316708739	1.65419100949835	1	1	1	1
5.20365809762805	3.29621851088175	2.19963277383555	0.64649427977949	1.19679613587186	1	1	1	1
4.27362908394913	4.06819895092404	2.1627127392931	1.2192981884705	0.586400056178632	1	1	1	1
5.61383491619179	3.6359420724415	2.43866264268147	0.78205995805792	0.545467664141173	1	1	1	1
4.9150238858979	4.38152499269101	2.50620487253634	2.04613573450996	1.04813178283124	1	1	1	1
5.55103204581257	3.11344948631139	2.44861510149727	1.34475513039541	1.10489410357449	1	1	1	1
5.10273191032598	3.57485019426079	2.27953174564263	1.37043210186656	0.78445910551459	1	1	1	1
5.79512152910016	4.40017578721301	2.23935493907627	1.62973412980664	1.30105275919402	1	1	1	1
4.07645683465212	2.83692041768053	1.67179829811447	1.03582164392186	0.0927903888884956	1	1	1	1
6.44761109423441	3.61145004016191	2.27666896692559	2.09889296625585	2.29741452083272	1	1	1	1
4.89451582359804	3.6336927806382	2.80051757774276	0.815683174953029	0.840043730472404	1	1	1	1
6.6918923723883	4.43748583910689	2.27694265350803	2.05199714867551	1.00418615287367	1	1	1	1
5.96591493143739	4.0159552686548	2.75468272138469	1.66965825825267	0.728488974624448	1	1	1	1
6.91907480482497	4.55308858007749	2.68809480252957	1.96721442644284	1.20094958529748	1	1	1	1
3.34887316590482	2.90238236631309	2.00073477308497	0.864328469094711	0.653315788224942	1	1	1	1
5.7789596410454	3.93016958892366	2.97261668141662	2.8547138690676	0.8884078223115	1	1	1	1
3.36643707910434	2.39130995625301	2.15117137983289	1.60564916425127	0.94170701339076	1	1	1	1
7.07316306211252	4.61127580785172	3.43824827263347	2.60033217743802	2.65774378415186	1	1	1	1
5.08429334881628	4.03766772409661	1.87751379322196	1.36924012125898	2.40924054753494	1	1	1	1
2.76961096807072	2.39384685882735	1.9580838237233	1.49887864599347	0.988703269731533	1	1	1	1
6.50216817802481	3.14312807169278	2.77945158796606	1.3094928280853	1.76584076836857	1	1	1	1
4.39802255394618	2.79714215876258	1.1375356925906	0.556228770842177	0.766470216763338	1	1	1	1
5.05865228438338	3.5477689306161	2.38862989326193	1.15932332774005	1.92009767228565	1	1	1	1
5.01158412159818	2.87368752861382	2.23773478813504	0.974645445033639	1.4677982997161	1	1	1	1
6.44825976446961	4.94078309359329	2.4424792200145	1.82837841822452	1.64606618442378	1	1	1	1
3.18404812700255	2.39334867447586	2.00027367938605	0.929172190293597	0.894571887817985	1	1	1	1
6.14470024336061	3.8588925384902	2.44869336685566	1.24863825460688	0.966339993503578	1	1	1	1
5.07913597647581	3.0505911004774	1.86621224473931	1.12704420424268	0.699750890900492	1	1	1	1
5.67693490432289	2.80012815132934	1.60779065408321	1.00829451739028	0.540996390108736	1	1	1	1
5.93313159154106	3.45446723906451	2.16509710413227	1.46609011238127	0.796362658595349	1	1	1	1
3.58876851795856	2.4649432497762	1.5244914587337	0.258625043454642	1.13680327615034	1	1	1	1
6.99236464221534	4.32784572500165	3.44780999974313	1.9201334652409	1.69597163516089	1	1	1	1
6.11883468716833	4.58172611069196	1.79013336844406	1.68533959697603	0.444474724780384	1	1	1	1
6.93643870671179	4.82036525438752	3.48682027891179	2.32518474255564	1.66332818386426	1	1	1	1
4.42250444307977	3.53997137818416	2.30685637622919	1.62067387824341	0.787753507438961	1	1	1	1
5.84940950801295	3.3059079445634	1.92810538253845	1.44862676657772	1.10376803939351	1	1	1	1
5.78752398990068	4.38775675503075	2.81938276092169	1.42122409274985	0.613478651422337	1	1	1	1
3.72579095592131	3.55282460359477	2.21793859781402	0.861653739708313	0.90070986365509	1	1	1	1
5.3106853252545	3.106741458841	3.02123459977579	1.97317587659446	1.33206692090191	1	1	1	1
4.73516087781734	2.70249038329094	2.07927197895055	1.52093086878258	1.11659659948574	1	1	1	1
5.07128176051818	3.83908661672955	2.1214500897172	0.589117624712654	1.84612788975823	1	1	1	1
5.19201063131166	3.18694177853272	1.52474545789808	1.4700306009498	0.937059517357518	1	1	1	1
5.41079063804435	3.93105492883481	2.98942932668738	2.63225697379849	1.01496687624536	1	1	1	1
4.6558602080678	1.87623658359098	2.37091524251899	1.6243397884006	0.955519503020452	1	1	1	1
3.15469189793807	2.87438450215775	1.60937160014644	0.737588909328831	0.698177058157148	1	1	1	1
3.87086101047187	2.89886349788705	1.98266115074694	1.65700709803067	1.18051356568834	1	1	1	1
5.36803384545584	3.53591587401849	2.68849727454146	1.81070301162429	0.507604171527159	1	1	1	1
4.00121115345382	2.51399509873039	1.8173953995585	2.04739129482097	0.980813353914089	1	1	1	1
3.76538921218342	2.86123690598619	1.83566278002298	1.22474940556461	1.18304180688293	1	1	1	1
6.62518158986211	3.67548651422386	3.35473725940011	2.077086530806	0.7385039658598	1	1	1	1
4.85022697208488	2.6845430554833	0.796680504441711	1.47764620947586	0.679001394094528	1	1	1	1
4.81508541769326	3.416358716994	2.44050796895588	1.74658633971479	1.29735182409651	1	1	1	1
5.25460701336036	3.55002468594637	2.7438074306299	1.79091577412306	1.78596487690684	1	1	1	1
5.55378428033294	2.29100432291417	2.18405807868257	1.1720295310162	2.0684847887241	1	1	1	1
4.25534226428569	3.14980999422208	1.98703460824148	1.26656982454314	0.993828000934242	1	1	1	1
4.53643452736779	2.98097888223064	2.20924434756899	1.79331422916233	1.29032372762435	1	1	1	1
2.41988869578921	1.93602348431071	1.49222996322612	0.26460410195743	-0.00662643279723257	1	1	1	1
5.34899030720014	4.77138248016238	3.52758162516937	2.42370653765551	1.5594575627669	1	1	1	1
3.74692277103502	1.5322615617971	1.58711572386598	1.1222737635502	0.442138558264336	1	1	1	1
3.0834700267102	2.03462832180628	1.2986285995365	1.15537846119808	1.21490269032996	1	1	1	1
4.35606652201964	2.52558293997317	1.43617345371186	1.77179654048538	0.596623445420064	1	1	1	1
2.86819553840668	2.03495189400775	1.79610608202663	1.00258595735911	1.18219172943505	1	1	1	1
5.07091944580474	3.58216143007355	1.75797211842278	2.30246186298696	0.958233045275448	1	1	1	1
6.3920555084497	5.102790627647	2.89341298705207	1.84173572169723	1.24042072455992	1	1	1	1
5.96548950949999	3.5456746415578	2.50222812680595	1.86426565935515	1.40550668045977	1	1	1	1
5.40866275486934	3.35726164925999	2.21076963828757	1.14363556102006	1.24326055029269	1	1	1	1
3.9649874498812	3.32779897099285	2.62250866538134	1.23425130420074	0.365243442990727	1	1	1	1
7.15584246099407	3.73848066756859	2.21385324083646	1.6153436989088	0.423817246277098	1	1	1	1
3.5555666683626	2.77939672267164	1.65436209790168	1.53385143923228	0.699350312556979	1	1	1	1
4.36295513740611	2.55005703997772	2.74365284398016	1.646346054494	0.949588649224556	1	1	1	1
5.82589358330015	4.28075635929181	2.56250218201047	1.39207297222014	1.10795573835781	1	1	1	1
5.34024965587322	3.87137578211061	2.17952326186311	1.84376233148638	1.4231257180469	1	1	1	1
2.74703917238962	2.41129704980068	1.32897646885147	1.3968412236332	0.923271722401163	1	1	1	1
6.03624587271932	2.2627533005969	1.2855037680692	1.27570048451486	0.640268904169429	1	1	1	1
6.46370080699664	4.08180425068603	2.29808771630175	0.999308386959962	1.53529252928905	1	1	1	1
5.01312819572907	3.03077251867183	2.69096818321063	0.862963959372245	0.833774514880919	1	1	1	1
5.11965622828248	3.40614877171072	1.90701280468463	1.32064705044845	0.878529205818754	1	1	1	1
5.44867405304474	3.59602858725263	2.17207726867391	1.93622358937441	1.59199673855969	1	1	1	1
5.27882606512489	4.28398643737003	2.67749535581194	1.42312562141401	0.876250112015386	1	1	1	1
6.00860104730601	3.4354483388415	2.29785211875832	1.53109315011005	1.37557605547086	1	1	1	1
3.55029082604371	2.26089671416659	1.50320944349685	0.99606886500514	-0.0390754886246732	1	1	1	1
3.18137549992921	1.58403692904532	0.936870908241476	0.54217916199192	0.102627993109824	1	1	1	1
2.39108788937243	1.62063386983188	0.775294739777194	0.289341507883596	0.472855815271049	1	1	1	1
5.58402974952006	4.21336836664934	2.66064958827222	1.79704470325224	0.794705149324311	1	1	1	1
4.04348422521502	2.57144824513423	1.00340384040554	0.743087245589428	1.27040875640557	1	1	1	1
3.88876971821668	2.55942642789884	2.55171604751406	1.47752747485027	0.252819866596646	1	1	1	1
5.77496963421794	3.51405610770869	1.79138497976788	1.92175496357383	0.676195074157548	1	1	1	1
4.50551409967853	3.7789639054532	2.21094055173022	1.90818545407428	0.416716474125797	1	1	1	1
4.93539190894149	3.96491004580983	2.98295180818955	2.07575480778868	1.49857083376992	1	1	1	1
7.19816089585794	5.07311638527508	3.02688518598792	2.11690173704204	0.990150847403439	1	1	1	1
2.83177870369398	1.85869923622821	1.35809649056307	0.670950851962553	1.11014794914494	1	1	1	1
4.64266015780341	3.33041005304217	1.30604454180848	1.89255250680436	0.739732908649747	1	1	1	1
6.42924808486473	4.47635139424693	3.58552080687924	2.61412464228951	1.15163827715445	1	1	1	1
3.31874878705536	2.99736559686033	1.93241383685348	1.63308138800643	0.688154770037061	1	1	1	1
5.31862044325995	4.2359968954881	2.82729104399276	2.63368620407516	0.819592702563929	1	1	1	1
4.10453417704684	2.69458845070516	1.25619952665499	1.4789361477862	0.623941477071816	1	1	1	1
5.81180354605665	3.71358565836996	2.38511985526109	2.13312109024545	1.44523574583815	1	1	1	1
4.02667829654266	3.00218436772479	1.70028881475447	0.597621454546191	0.964887341373804	1	1	1	1
4.13155625083737	3.57988666376023	2.39021319240531	0.775355784803471	0.683059850683731	1	1	1	1
4.18260068825527	2.32627140139495	1.19894011643997	1.98021716123988	1.06011314459011	1	1	1	1
4.33434315781092	2.54934855033229	1.64161043099418	0.820157921375027	1.79551217091596	1	1	1	1
5.45989374287923	3.61644329387844	2.23900996069282	1.67946560014455	1.1961088683031	1	1	1	1
4.38824094618533	2.38756646065941	1.7175536760395	2.18946469550055	0.308330862571838	1	1	1	1
5.84711375346174	4.00918228376965	2.66013893762647	1.20494697574231	0.937006642306299	1	1	1	1
5.26813258874348	3.23106977650301	2.14999446606559	1.64613424265584	1.47374710087774	1	1	1	1
4.93912512713415	3.21269773866162	2.69102470988556	1.50955942992338	1.20874090713248	1	1	1	1
3.98826137621723	2.14228342677988	2.26332978927687	1.57745922435073	0.740354688500647	1	1	1	1
5.98458537926824	4.17343509524608	3.05103036154223	2.20279802887097	1.5306512634204	1	1	1	1
5.47885050733576	3.3709186345079	2.0939234974209	1.11371289904706	0.740629775159637	1	1	1	1
4.5617877635164	2.91071692574807	2.00245651156548	1.26670468951056	0.692895492450258	1	1	1	1
3.52010032140117	2.24087651094834	1.0636869189372	1.7045838097757	0.532103508576257	1	1	1	1
5.85385939774437	3.38250475048219	2.04836469249154	2.29755965777612	0.734781808061634	1	1	1	1
3.64654529536225	2.57524006897272	2.44033014407405	1.41737089842077	1.18829828885912	1	1	1	1
5.07656136018444	2.82057460222709	2.22838763726065	1.75687250570191	0.44124665634006	1	1	1	1
5.35786652043779	3.60627196275081	2.79315545599783	1.73160380431398	1.93122042654451	1	1	1	1
6.83789873799813	4.03794256972524	3.55331770690783	2.15487960362718	0.972081423643063	1	1	1	1
4.21625715926556	3.01380126113249	1.90203787882573	1.319018848067	0.965713532969021	1	1	1	1
4.52172806347686	3.78412873793216	2.4443401334031	1.5005659030161	1.21197290076471	1	1	1	1
4.32638509784534	2.28606295457849	1.87682382670432	1.82383542258998	-0.476052152751926	1	1	1	1
5.14512711858192	3.76857285607843	3.70721022659165	1.04370825502239	1.66698684545863	1	1	1	1
7.91581812204201	6.06996558650167	3.42269006956597	2.51289054684189	1.8186529856943	1	1	1	1
6.72151726380996	4.68362645743863	3.53053152860467	2.08523823827553	1.90982896745815	1	1	1	1
4.95037359979189	3.47488828119639	2.5835626922352	2.01403899021008	1.00111426356649	1	1	1	1
5.68712750044407	3.82450492869467	2.23670857390354	2.00855507794913	1.15044747351777	1	1	1	1
4.14103674952197	2.59556046000256	2.21064660352772	1.26656906288387	0.206610003567837	1	1	1	1
4.26669495057525	3.79493092683482	1.63613236548047	1.436337564977	1.39883662623308	1	1	1	1
6.10600495077819	3.43952046876944	3.06772996055278	1.51576276142231	0.637647228707564	1	1	1	1
5.60831261890771	3.84784678542267	2.39034546705328	1.70738678684519	0.889840786757543	1	1	1	1
4.90125863966658	3.72704289769527	1.56267427209815	1.67761710333901	1.11169324703746	1	1	1	1
6.86696240321234	3.64275665280864	3.43350630572717	1.49846228575486	1.08643742917048	1	1	1	1
7.03716735238655	4.97735779594251	3.53688030413457	2.00119121777275	1.68272859805004	1	1	1	1
3.06524814829226	1.90633460245055	0.859533133723538	1.10807156186172	0.73590477715008	1	1	1	1
4.59909097520592	3.21302989053014	1.75271928174238	1.19496199130783	0.748147894695108	1	1	1	1
5.77602809392422	3.49949519114155	1.37469519323709	2.08714847447636	0.694599817001336	1	1	1	1
5.09258271496209	3.89912595776592	2.42854704241899	1.44318428109207	0.259831859506138	1	1	1	1
4.54722729856472	2.47918683026555	1.23343835034348	1.32246146054181	0.407924702529577	1	1	1	1
6.12384417304358	3.54136994927483	1.94316061791839	1.13593685398461	1.02172923038799	1	1	1	1
1.92068511891583	1.79666450633203	1.48309803682126	0.508487610146056	0.954316573174657	1	1	1	1
5.40108934453243	3.12886425178465	2.00028970422749	2.09620676925281	0.349736685600749	1	1	1	1
3.98588885364721	2.70764780430658	1.45942845991185	1.6310812888539	1.02954044480733	1	1	1	1
5.43284276148764	3.28237759272867	2.58050168538598	1.67986011660168	0.471713259034816	1	1	1	1
4.57921591477209	3.70695223851584	2.29277030502947	0.929422963182715	1.80474407477734	1	1	1	1
6.62773096252896	4.98797085365835	2.47280887219172	1.95012307584161	1.77876920797652	1	1	1	1
5.81017000030003	3.77331518270764	3.19581644157016	2.33237370706877	0.85827762733398	1	1	1	1
3.42231565752152	2.9933797367317	1.75458158606432	2.01266996118239	1.84575398500407	1	1	1	1
4.18186824102702	3.15699292089522	2.61486144444334	1.58856333735764	0.549750517856147	1	1	1	1
4.93058589202389	3.70583662647903	2.78435785599215	0.972636159842074	0.880698898788273	1	1	1	1
5.09094603507675	2.29612834237623	1.97625473860964	0.960772472502657	0.961443823068681	1	1	1	1
5.11517691371943	3.11882868748331	1.84964185340533	1.26320800030535	0.381981908398649	1	1	1	1
4.77917729464389	3.76067255007866	2.27446191790623	1.27529904662585	1.73596056297545	1	1	1	1
5.24358652359204	3.74739770706246	2.59970860433045	1.3022168935532	0.773064815026884	1	1	1	1
4.28736072663868	2.54124453530851	1.95847945084579	0.455728840316715	0.558070503041781	1	1	1	1
4.81147760562392	3.7381935625962	1.55982979611585	0.782778335003177	1.23589374797981	1	1	1	1
4.25904806271368	3.68375855380641	1.62224249152389	1.40168577242516	0.483670890136092	1	1	1	1
3.68692621431787	3.47775679741797	1.98351762586074	1.04641816152266	1.18909025998328	1	1	1	1
4.21099836377415	2.85040761189938	2.93211306089701	0.984135996409085	0.598519592366757	1	1	1	1
3.75036205080887	2.78464577175066	1.16890478790812	1.64402468844426	0.489050552267712	1	1	1	1
3.07138155516541	2.76629410626692	0.87636311204265	1.02887725993785	0.315540699192893	1	1	1	1
5.70170478543971	3.97011285764246	2.31976206045552	1.82656849042724	1.62532523725793	1	1	1	1
5.52035170437317	4.09307164559498	2.00868119832544	1.82305512047534	1.62160597976225	1	1	1	1
6.22623840212893	4.66840288177217	2.16096129638193	2.81441371397522	1.66585128377551	1	1	1	1
7.27931390975938	4.55236819891617	2.7296878590385	2.45547229237973	1.59668272187453	1	1	1	1
6.87176018122991	4.63794791033188	2.49105602283282	1.36292396655371	1.78368323991406	1	1	1	1
3.65516541418723	3.41030504946179	2.02838534206	1.71441540740896	1.22883671607809	1	1	1	1
5.58516043037076	3.85701728333265	1.91537368079044	1.77642958554141	0.486939713933075	1	1	1	1
4.25498249646157	2.86573646564595	1.78114904522453	1.28858302519244	0.8502499302511	1	1	1	1
4.20668869527424	2.72032290166649	1.72289119635835	2.09920359335477	1.78413602756954	1	1	1	1
4.96179241865959	2.5170378446969	1.62055487774069	0.982641156541809	-0.0920701608357714	1	1	1	1
5.34948031164401	3.51914518357077	2.74244251070541	2.05289944153465	2.56086275311076	1	1	1	1
3.34600188291317	1.73556757964548	1.51259864001222	1.52429712321081	1.17154569976776	1	1	1	1
6.02167703037944	2.55728850243064	2.50550999565173	2.21316249306543	1.37236545441724	1	1	1	1
5.81309643077863	5.08234920837574	2.50651623081297	2.53600535565504	1.49312925435183	1	1	1	1
5.02573954372046	3.44018498139878	2.51286503499254	0.268484549511298	1.48788897158051	1	1	1	1
5.42206485210819	4.36562654357547	2.81122689088704	2.11229896416442	1.39896078717863	1	1	1	1
6.2169711587078	3.22327956399741	2.97596398436933	1.45734739085633	1.40620705594244	1	1	1	1
5.38117068864512	4.11843705936463	2.23855302175654	1.43218646820302	1.24509936704348	1	1	1	1
5.48122023534043	4.23772987801783	2.54533166915012	1.06751193845861	0.981589925298077	1	1	1	1
5.48363913824454	3.37813897348342	2.99661487339877	1.36645574409784	0.192633067972659	1	1	1	1
4.48641491476278	2.46890380742303	3.0932562400876	1.09382296147493	0.139130721351313	1	1	1	1
5.52221474251586	4.30791854566551	3.17698652083465	1.9024050796741	1.10821276325988	1	1	1	1
4.73307301904197	3.60854590131409	1.75744118883922	1.24622421377265	1.09429700110756	1	1	1	1
4.67559443469216	3.91339111829775	2.28885918275005	1.62148150671841	0.550128827255666	1	1	1	1
5.35015903803017	3.8086540224656	2.47822964628886	1.98652441164019	1.07865039045592	1	1	1	1
3.68294862110811	2.36354148292342	2.32808153290048	1.0007318911075	0.723209058110609	1	1	1	1
5.19596861097327	2.78262137466414	2.31732599334175	0.930917130998886	0.492411453360802	1	1	1	1
5.15812207456919	3.29946115258271	0.41144642673325	1.63136030020889	1.97680955910726	1	1	1	1
4.21327805861956	2.46065796651079	2.0870277072761	0.0776974140939299	0.720258761319155	1	1	1	1
5.07784507191065	3.7357251144418	2.4456146872246	1.91075036293932	1.05048295997201	1	1	1	1
4.18778757075848	3.60778238009157	2.55379365583276	0.88008428964942	0.552140556642945	1	1	1	1
5.75881292917942	2.81915164128822	1.72551934570093	1.13171167644485	1.09882020812353	1	1	1	1
6.81499522806483	3.36053978414095	2.19581941263166	1.49706833317958	0.720648844383232	1	1	1	1
4.45007610192623	3.22060803168198	2.88752517686788	1.18247988211285	0.196518532942598	1	1	1	1
4.3756698871834	3.01256748062209	1.80791546382144	1.3049158215562	2.14609348769408	1	1	1	1
5.51070016550946	3.54629095519294	2.4592739350452	1.12273299144513	0.85937451150523	1	1	1	1
5.76797879896646	4.04609115411581	2.18757713143081	1.98990453298779	1.51842715180508	1	1	1	1
6.49908465053982	5.1359816399214	2.18419275670951	2.57149508715732	1.83982720570978	1	1	1	1
5.80275975276901	4.33017439671655	3.01360334261237	1.37492511382796	1.3556884194785	1	1	1	1
5.10596624331336	3.77637988505757	2.19208439029921	1.9316482221306	0.889075073429014	1	1	1	1
5.31402063374831	3.19431373459047	2.24284885904071	2.78620073459861	1.11672232835962	1	1	1	1
5.39349202413737	3.01207309407288	2.6144363754792	0.58501568842968	0.787441392788543	1	1	1	1
6.73692097267735	3.83007991799164	3.64060231210691	1.69879669597838	1.40413376903122	1	1	1	1
6.443710002845	4.09997202909499	1.11015097742962	1.55619110384037	0.671944976273172	1	1	1	1
6.27705314482161	4.25327175583007	2.72555812067773	1.844919044442	1.89511625207587	1	1	1	1
4.91407278374368	3.04545700414499	2.5916756598291	1.33138612685563	0.162564493719762	1	1	1	1
4.3816687087517	2.87694430641126	1.91421440971914	0.933115649073665	0.783671798519065	1	1	1	1
4.89419802180008	2.96171816102874	1.99466880401806	1.12117444670277	0.872118203065359	1	1	1	1
5.15844330063796	3.81927367845339	2.19303691115119	1.41984869156998	1.18204214179533	1	1	1	1
4.71336723958468	3.09782140419667	1.82667405148645	1.83360401290602	1.37669643529698	1	1	1	1
6.90577580435621	3.86013117795303	3.49547693367998	2.55639788584135	1.26249261251571	1	1	1	1
5.03058154221567	3.59653240202863	2.35983013377457	1.90938460577849	0.924838231466312	1	1	1	1
5.73334644302433	3.14528437557335	2.18943764763779	1.70439124613782	0.902077732798933	1	1	1	1
4.35135076922636	4.11707503291267	1.71634826422235	0.855469925699716	0.743864297083532	1	1	1	1
4.22293328744379	3.7905951734021	2.95050926663419	2.24605333854058	0.719072187684196	1	1	1	1
4.4553716051091	3.95128064612646	1.96954988548075	1.70863290214328	0.30560913818599	1	1	1	1
3.45547029729648	3.03853022344221	1.30537680604407	2.14452806372158	0.984093239964113	1	1	1	1
4.9208436792802	3.92711186396256	2.26611824726339	1.58605676527944	0.278057541428597	1	1	1	1
7.68193806068029	4.70777482895244	3.37736025499597	2.17869988292772	1.06873529654903	1	1	1	1
5.29388527037928	4.24192763248239	2.47571009219644	1.3149130376956	0.676086941117201	1	1	1	1
5.71930859221484	3.7212407719382	1.63701935282039	1.68926403387762	1.64192069281616	1	1	1	1
5.37929362596493	4.11137653629717	2.6760869914019	1.93332999523058	0.975075942343038	1	1	1	1
6.14537159619669	3.92778975189236	2.36304643340683	1.22838202623601	0.371610304478093	1	1	1	1
3.97165200693165	3.31370929104094	0.925664162137503	1.61948950158398	0.498816017507554	1	1	1	1
4.02856502971757	2.14719388237183	1.46087715624423	0.554397664776522	0.653674184990907	1	1	1	1
5.17362050553978	3.29846801222415	2.21329690031134	0.847914602368045	0.0528236119138782	1	1	1	1
5.44522562208308	3.67343998290227	2.85067689515562	2.20540481814096	0.850676772499499	1	1	1	1
4.29445457134873	3.55542027829839	2.0445834807257	1.0168854781835	1.72570769267109	1	1	1	1
6.66520563495419	4.58312187064572	3.8559083414898	1.67482651270437	1.07562279894928	1	1	1	1
6.37152743660173	5.12376788840742	3.32960070498505	2.21070565887249	2.22590040357352	1	1	1	1
6.45254490145879	5.2681895926469	2.70946621660006	1.87710802341382	1.13748143415967	1	1	1	1
4.52343169506269	2.74364088384657	1.43573833002759	1.62797391508436	1.11500048378566	1	1	1	1
6.11931916328561	3.77622678439347	3.20237159275591	1.47813305692511	0.969406188643768	1	1	1	1
4.71704940204882	3.10934070625969	2.71348224009478	1.81904913623963	0.836165302024203	1	1	1	1
7.48727419876494	4.94079708233558	2.88760643295869	2.55603242510921	0.918269254861003	1	1	1	1
5.72385515069147	3.77836317737534	2.11466488724315	1.82194679545866	0.942731169637727	1	1	1	1
3.52511188322293	2.25538085276591	1.68725802209901	0.306048180809826	0.374497070447261	1	1	1	1
4.72108813548992	3.98384663959465	1.81543161147184	1.72183312298124	1.22353514727637	1	1	1	1
6.49437923059155	4.11202467371063	2.70076405026596	1.97710624084979	1.36691198301655	1	1	1	1
4.93064350884522	2.94491545942089	1.62582382251294	1.1109312601643	0.793263046534814	1	1	1	1
4.35854187801691	2.42970251280742	2.07734651615714	1.73640864991922	0.462669870300891	1	1	1	1
5.87923656782871	2.73711642743309	2.09320441449678	1.82751194214279	1.35913058141576	1	1	1	1
4.39789023096585	3.77863638463719	2.02273115753482	1.81023253458797	0.8974691950648	1	1	1	1
5.19132917590206	3.93866595636483	1.90040101252274	1.67908379032849	1.49980954597679	1	1	1	1
3.77969698791519	2.98055839644632	2.39371868188776	1.9648529364906	1.27198923135158	1	1	1	1
6.03880378169739	3.67992566707957	1.67324995969421	2.06833271528793	0.371782246596121	1	1	1	1
4.94700239890257	3.56698461196002	1.84324902896984	1.25387088595014	0.455436230293571	1	1	1	1
3.55666643557298	2.69085703114241	2.03068446262237	1.96052493647002	0.295281309098551	1	1	1	1
3.17359260806713	2.76106614373557	1.48366609049067	0.934625239497084	1.2494466637626	1	1	1	1
5.28820779089521	3.58629320965673	2.45558405042976	1.49574212498982	1.32460811684502	1	1	1	1
4.10651216439823	1.80809678266846	1.991929641058	1.47787339498472	0.133703179581941	1	1	1	1
4.77112381103065	3.37584405359257	3.10519016145838	1.10231623072598	1.32265368003542	1	1	1	1
5.37861210402413	2.44093230345492	2.49882112364095	0.818743262406647	1.43249715849726	1	1	1	1
6.82937406562486	4.25652405938069	3.47981037566257	1.90885340937366	0.59366952278312	1	1	1	1
6.92851190121467	4.08744897210055	2.91607339985949	1.53547964042197	0.813902852145844	1	1	1	1
5.41261844074836	2.47798892550414	2.53254390140649	0.710332591185872	0.846714102374877	1	1	1	1
6.78002816412709	4.69702511922498	2.71377457528679	2.01360939296456	0.95415998992908	1	1	1	1
4.37699309390202	2.61444670761035	1.01269171520836	1.28775531351669	0.288375167792492	1	1	1	1
6.5925457636489	4.68328961135812	2.91464752767347	1.73320798730862	1.03054560994348	1	1	1	1
3.78215589317823	2.81558559867029	1.19173236110447	1.17965608327422	0.509921870426363	1	1	1	1
3.57637522487326	3.11386685206531	1.84789715832096	1.93880216025272	0.664756065880666	1	1	1	1
3.99767029018946	3.38099408935428	2.39391478446411	1.44993096357701	0.35306093801573	1	1	1	1
6.59544505128523	4.99990736084747	2.43806571812249	2.39856365847328	1.07917036441292	1	1	1	1
4.58855401914674	2.83304290900685	2.65632729691388	1.65693111118292	0.840013915735324	1	1	1	1
4.03793222564407	2.59328642250683	2.22744920286545	0.604999869690402	1.15189149098156	1	1	1	1
6.23580338532311	3.75360012575453	2.83796433500654	1.67739891280363	1.5121993025032	1	1	1	1
6.27419590134441	3.8685226079785	2.249730940171	2.24138943143731	0.886817458716221	1	1	1	1
6.31808014624654	3.72329634370574	2.73982069912139	1.36959359877174	-0.275808826885687	1	1	1	1
4.7900055694924	3.52903523561412	1.86866067472123	1.3964601694845	1.40726953804034	1	1	1	1
5.60425706032982	3.96553778764289	2.2086538883871	1.20939903994198	0.649712421861706	1	1	1	1
4.61404652681242	2.16973942140997	1.56299629653575	0.993027784454811	0.310285745219583	1	1	1	1
5.62831017276409	2.7571531599786	1.56518807430124	1.52994659892034	0.811307919568864	1	1	1	1
6.39630745759679	4.09937148773235	3.01232519035356	1.65100470758516	1.52401280411287	1	1	1	1
5.51805627965796	4.31752082247749	1.39585887047045	0.891822279341705	0.992849375208121	1	1	1	1
3.87792030617572	3.00426739839367	2.21836362300681	0.540851080913395	1.07449194011545	1	1	1	1
3.50528666283813	2.83229368087092	1.68455515408905	0.992423603651175	0.513141600628778	1	1	1	1
6.14323244413891	4.19797625957875	3.46451744985441	2.24401172715667	1.37518968892914	1	1	1	1
6.14424569233618	3.37036712291201	2.83526311932984	0.871282078215681	0.834249726344759	1	1	1	1
4.72482127947233	3.04709560277456	2.0672439478238	1.09176450787874	0.538568712534175	1	1	1	1
4.52239222805636	3.43110404521006	1.83919732627877	1.32321311712028	0.576603262753047	1	1	1	1
3.96765597496496	3.30423201565464	1.95702260230413	2.19603297812885	1.76140616183334	1	1	1	1
6.66583261154643	4.52449695436341	2.36950739398754	1.59575515500753	1.08272293985198	1	1	1	1
7.01464236075893	3.38621704708383	1.97848426557962	1.74750954645391	1.26894873499274	1	1	1	1
5.37719667283369	3.78174694146282	1.85826216204107	1.70368973492656	1.52478041994877	1	1	1	1
6.09720992336967	3.54567265177019	2.88057659252169	2.17047998488176	0.460453389066389	1	1	1	1
5.40972541108898	3.08594911313637	2.75968194175083	1.91911541327519	1.58697968097722	1	1	1	1
6.50265427161963	3.57229299038958	1.8632990082397	0.861860828387754	0.732774509983023	1	1	1	1
7.13374706495797	4.75444756145755	3.423615755321	1.694862208459	1.1831190660743	1	1	1	1
5.13370464271917	3.83580481831804	2.02818771447067	1.67131912942857	1.79596188900349	1	1	1	1
5.44880095134739	3.74066036649359	2.91208300957347	1.37401000537337	1.00469136752085	1	1	1	1
5.1694097768186	3.66428363613143	1.97611570764383	2.02095176038956	0.0862528907769124	1	1	1	1
5.06038124775719	2.07020767180573	1.67348815214824	2.01004841144904	0.701853541720574	1	1	1	1
7.66283617482696	3.8493818453109	3.38246778063398	2.38223130240509	1.43107170408083	1	1	1	1
4.03533432369084	3.00643832371375	1.94671737921416	1.44445384763758	1.28033858987456	1	1	1	1
4.37050530964765	3.93478988917209	1.64230431581136	1.62087991482814	1.38267559117385	1	1	1	1
5.13223931177936	3.26767810889722	2.36477179987422	1.3058386434726	0.707469976001074	1	1	1	1
4.96764241603807	4.7058674532451	2.46311635049699	2.81760462170733	0.85700934975799	1	1	1	1
3.78653407772304	2.85111319081361	1.96075073110124	0.881350816567427	1.47737784398838	1	1	1	1
4.83921792514496	3.77764243197378	2.1645223451101	0.743752983251281	1.40542983524619	1	1	1	1
3.75991595382971	2.50793433753853	1.12180299936817	0.976282560599391	0.558334654047896	1	1	1	1
4.71924160437085	2.87052114431094	2.4065301576588	2.00810498406092	1.16150269585089	1	1	1	1
6.22472408777481	3.45500606982182	2.03431939874612	1.50805510881407	1.453335314729	1	1	1	1
3.80351906103426	3.18091228497038	2.19557281850178	1.10105570057903	0.848755572834892	1	1	1	1
3.76631308761409	2.64208898977844	1.91026278146815	1.09815683661149	1.2283547661647	1	1	1	1
4.85286266049326	3.1536194743146	1.90196763590733	0.583273585554679	0.537348072765325	1	1	1	1
5.47750430136214	3.13880417193985	2.71169069448216	1.44638398223737	1.52981612842914	1	1	1	1
5.03758999476236	4.21375367068068	2.94129451857956	1.43140582373723	0.866522149698209	1	1	1	1
3.7512478410455	2.54129466062117	1.64295310314039	1.77769333590276	0.972145379343401	1	1	1	1
4.26166836912729	2.60351640442781	1.75610063557747	1.26547186087474	0.662773579996833	1	1	1	1
6.60847422630409	3.70327894687426	2.31153179784027	1.66456179828284	0.137499934378468	1	1	1	1
4.48725728512111	3.67301560315048	2.70560222022566	1.95048497800754	0.482790570807378	1	1	1	1
4.61709265265879	2.37617650833839	2.05858314751564	1.09840391424115	0.279579713403524	1	1	1	1
3.20629427358524	2.82668695629185	1.00143662752707	1.35984360823649	0.673073870923356	1	1	1	1
5.80189722253629	4.4782015489493	3.1669079336867	1.59196399765283	0.911308803526151	1	1	1	1
3.95840786292146	2.74028532171008	1.76797396185114	2.26630467828269	1.13016197019905	1	1	1	1
5.96134301747784	3.72798674615318	2.34622098544218	1.71628064232894	0.803668291434046	1	1	1	1
4.99767546730677	3.5370280516598	2.4946572740335	1.39097721203195	0.756650581173186	1	1	1	1
4.83054792686516	3.04468823774229	2.93904697966422	1.43747066125063	1.09327564604131	1	1	1	1
5.25643718879385	3.11049726029242	3.1392491985503	1.2085395583743	1.44368649389389	1	1	1	1
5.4417323722648	3.23742053160964	2.90501726232337	1.1894308910467	1.11232212618904	1	1	1	1
3.87470250831219	2.68916077367574	2.27425077350362	1.21063802727459	1.7341564050404	1	1	1	1
6.56948007655564	4.01987025280725	3.30743333717102	1.36887428895758	1.13419388588285	1	1	1	1
6.14900495756167	4.5788351182859	3.48723862526625	1.43338391404263	1.73029928717604	1	1	1	1
5.8392509186509	4.15312711386644	2.7609283376097	1.32644386884764	0.631589486565263	1	1	1	1
5.70636342285384	2.78998642976007	3.40140782562209	1.29980725009452	1.11868134476508	1	1	1	1
6.65144049148482	4.71018242402767	2.39584748239922	1.79314293101862	1.77892470893205	1	1	1	1
5.1543377811088	3.59465093305055	2.00181020727643	1.27620403125544	1.57627618590714	1	1	1	1
4.45126775674705	3.3732885049214	2.09899755646957	0.718415201400119	1.41337022232288	1	1	1	1
5.5134380658003	3.4876567866633	2.51784452074249	1.95341037910359	1.25467261099765	1	1	1	1
5.09598596373906	3.93064368289496	3.81884378147766	1.84442775102886	1.21794570309181	1	1	1	1
3.89185377165586	3.02811624702611	1.74012087239594	1.7852182066192	1.39035747520603	1	1	1	1
3.29931747951733	2.26934565279967	1.67596286891514	1.24335691763057	0.266057906853675	1	1	1	1
4.10816728034952	2.94416327162214	1.08896165406697	0.322192999787817	1.53113461301205	1	1	1	1
4.95202723751448	3.01029508026425	2.42372041476757	1.30400491455504	0.146745981175956	1	1	1	1
6.1426355062121	3.88837404560198	1.97945622201566	1.66983423239257	1.42413719135136	1	1	1	1
3.59274542995558	3.9651700587047	1.70504383959729	2.1284516444532	0.760033546302819	1	1	1	1
5.29349835562514	3.03961395253621	2.0962575787548	1.16800995357279	0.83000805015363	1	1	1	1
5.30663843546809	4.25428550892607	2.76400335407845	1.34659133144702	1.54853151141229	1	1	1	1
3.83955398387073	2.15984739726868	1.16902618861987	1.20041025158296	0.0985120204090079	1	1	1	1
6.27898395405141	5.15783033829089	2.86857812956023	2.16369803656598	1.31654485402424	1	1	1	1
4.2563747902443	2.72518658365328	1.11118492396873	1.93624478106286	0.326691036573431	1	1	1	1
5.2283510804245	4.00351956253726	2.94831175235311	1.59402694607149	0.861035538758979	1	1	1	1
4.732176167607	3.47809107266234	2.21076500830435	1.3563206741591	1.04983458086163	1	1	1	1
4.34548249876578	3.66986178669076	1.98078583892028	0.881049356119058	1.01672601159517	1	1	1	1
5.96423374691878	4.50491029698943	1.64852091947821	2.13513809376605	1.23278595133588	1	1	1	1
5.35250862332276	3.90879706207054	2.97572026355653	1.08552558130408	1.678026581066	1	1	1	1
6.21466725415121	5.15365466296534	2.93327718495231	2.79046679439421	0.975204341189234	1	1	1	1
4.57808930219476	3.4972257925043	1.18927895726827	1.50307602390651	0.709163772708096	1	1	1	1
3.84423357786637	3.42195794564587	1.07432532974087	0.926516726157801	0.71369330786496	1	1	1	1
3.30324909531695	2.85331653127308	1.16058208288026	0.558550332905957	0.395324308708735	1	1	1	1
4.69786322001946	2.96651749520764	1.88102060496485	1.42887389258789	0.850881937630807	1	1	1	1
6.42832252377588	3.97639631398458	2.64557819867974	2.1113710837266	1.67775820743658	1	1	1	1
6.00482455819441	4.71015054320457	2.08972986343685	1.33273267087668	1.18211323567752	1	1	1	1
4.56244546017102	3.07479282659567	2.07221371237024	1.41056363615859	0.630160107910937	1	1	1	1
5.67446382291152	3.41474277353299	2.43897664443299	1.93258783132306	1.25977917904721	1	1	1	1
3.4724996053334	1.23645892447451	1.51322071671565	1.32816773050647	0.323001434127522	1	1	1	1
5.36551138836868	3.17207182113786	1.52782508723834	1.70924211369832	0.281321687907079	1	1	1	1
3.30131564355628	3.54056603548018	2.41114224642068	1.46541704132236	0.677843886896949	1	1	1	1
6.06775404248673	3.38505377161248	2.94761541244529	1.39187402689762	1.14218670516386	1	1	1	1
4.78222134145468	3.66993638829317	2.51037978415644	2.33131011380091	1.38521068147297	1	1	1	1
3.75774267331257	2.07101500007861	1.5497171929147	1.20991177896183	0.815266076586084	1	1	1	1
5.65290228173172	3.32916239487337	2.02062224665599	1.32662504866098	0.968152167566387	1	1	1	1
6.05322975568984	3.90938350688191	2.75138778594956	2.19679679368089	1.37728381320458	1	1	1	1
4.06898834416568	3.85635523569095	2.19048203563135	1.46922265394536	0.701588891147246	1	1	1	1
5.83129945785284	4.63557371479468	3.04052674683998	1.97069381037389	1.08146368959995	1	1	1	1
5.85414292057338	3.56495320732797	2.83709018120629	1.21107669546568	0.841553036173684	1	1	1	1
7.29747642585824	4.33573558935067	2.69228786673467	2.87226184385216	0.445538287700507	1	1	1	1
3.97764937878726	3.68136949556792	2.68787249126267	1.57929462628948	0.906369205723278	1	1	1	1
5.5383198344635	3.25182122653561	2.79307891463277	3.03469841686835	0.739988095573331	1	1	1	1
5.61187255935635	4.3382396297093	2.52152120794645	2.40977447340389	1.90550969518897	1	1	1	1
6.35102612172208	5.07848172902709	3.61771564342549	2.48327379731655	1.10421976433753	1	1	1	1
4.52546100314913	3.90657300608557	2.04479284422496	1.32783973493248	1.70298792438888	1	1	1	1
5.9896752319909	3.35311737512421	2.20374267044363	1.52718653997363	0.908756160208765	1	1	1	1
5.72998856315669	4.56026100547552	2.83647793867583	2.05900004330051	1.70237414817951	1	1	1	1
5.17900508392116	3.27321153806233	1.56238231343468	2.13768990611193	0.759865097777483	1	1	1	1
5.65997104326411	4.68503805924393	2.58003652651592	1.36510098309191	0.708818391278635	1	1	1	1
4.96126489948666	3.7664129729586	2.19126099622011	1.92527280776828	1.17229078224249	1	1	1	1
5.1339177378032	3.41513846974349	2.52397518302094	1.09672248176672	0.939844920607536	1	1	1	1
6.26590147570609	4.47860164136564	2.46402651486807	1.60682637126687	1.1148814348186	1	1	1	1
4.88680292556761	2.45063505876205	1.83431820926462	0.832951867084511	0.895710225015045	1	1	1	1
4.90511359522671	2.88080335592951	1.4610624826308	1.40758335203378	0.792414866171322	1	1	1	1
4.22377492552919	1.83490155203837	2.54586692132929	1.35448029090488	0.286113436110389	1	1	1	1
5.28987148927887	3.73439740166722	2.49579355944341	1.16723546569486	0.967799472626713	1	1	1	1
4.85933302953578	3.90722756873148	2.20867303396275	2.70892317089116	1.18855067245831	1	1	1	1
4.61167270304146	2.57349208861577	2.12906413309158	0.202179727550076	1.24360194977706	1	1	1	1
4.48223050827133	2.60513929159279	2.07135290169223	0.755217345268705	0.462677398755932	1	1	1	1
4.50413396897955	3.68313022423597	2.09347314151556	1.68395820534372	1.64324275118356	1	1	1	1
5.92305716480173	4.02193306994761	2.1398355548008	1.58328122893729	1.77689786136642	1	1	1	1
6.16854323496263	3.36114845053262	2.60963136187716	1.55318258440123	0.901943552873959	1	1	1	1
3.46985560853573	2.40714024519401	2.3704163713636	0.709000014692399	0.0720924328864501	1	1	1	1
5.16191886596056	2.76808418660347	2.23143251126714	2.01043564712527	0.832063973071672	1	1	1	1
