4.47847808089017	5.02545175240313	4.57414519344206	5.2630186772526	5.92146488195283	1	1	1	1
5.6685076028371	6.0267611959773	5.7330418606978	5.18614150297215	4.43246805018834	1	1	1	1
4.27962515664939	2.12555595153475	0.0116955900589472	-0.131480628751798	-0.291782434910314	1	1	1	1
4.89353813318856	4.25025824376755	2.47108336481305	1.80319559148834	2.11910665853281	1	1	1	1
3.85317745533974	4.57685108612116	5.80351594151547	6.45966956964663	5.93891260699549	1	1	1	1
5.58233415206194	4.40952369355033	4.25895166687747	4.13195208433745	3.89606330683177	1	1	1	1
5.26681157371052	5.18971117744977	4.32061536736096	5.30997176596383	3.98869625205747	1	1	1	1
4.89008581931838	3.97029801077266	3.3107330090799	3.17699128398172	3.63517241128082	1	1	1	1
4.08212794023344	3.8886378628747	4.27922608149293	5.71497165998472	5.59500220558555	1	1	1	1
6.47888775668462	5.55212658879246	3.86446105508769	4.62970548201004	4.38201392141091	1	1	1	1
4.18491337106518	6.33511861240911	8.0955051822428	8.98532237851595	9.0325601238489	1	1	1	1
4.72766241797143	5.34455727096441	5.17164681774223	6.48739175298148	6.22321696066627	1	1	1	1
3.30160944750597	3.62517955679848	2.57966396283886	2.87754926635498	2.59727292199705	1	1	1	1
6.5097648842835	6.70129375674149	7.03623260001704	7.84672853373556	7.06555684400418	1	1	1	1
4.42542645954943	1.6054958047973	0.554473173184998	-1.01677246124132	-1.58765253064514	1	1	1	1
4.13724567639294	6.25387806373667	7.91584634190043	8.02444347113995	9.41316055032069	1	1	1	1
4.61994191912319	5.07987500896488	5.40562913101497	6.02679886254982	4.94737637982553	1	1	1	1
4.71012824927938	5.8313858086826	7.15706878671712	7.07768954914106	7.59914187494801	1	1	1	1
3.41455025600938	3.48338913243723	3.30589827695419	1.97922404924151	2.27101630903213	1	1	1	1
3.10187053994804	5.04263785565775	5.22693335204597	5.67006080064216	5.71151268193099	1	1	1	1
4.71429436316038	5.55765980270875	5.18460331415406	5.59926968913342	4.92742817465684	1	1	1	1
2.74695150439851	3.73862088009038	3.98500600403301	5.53177571123903	5.30041256095769	1	1	1	1
5.70123949993281	6.95730661660791	7.40516860363732	7.62525273683671	6.74658441976356	1	1	1	1
3.64094015447576	4.11473097873569	4.03584249368921	2.70712863186152	3.70734664918591	1	1	1	1
5.86238923736538	6.94538024525373	7.64287499722983	8.46279214459132	9.78846502668636	1	1	1	1
6.52485873596926	4.98464374504832	5.35049681872828	4.39089082837191	3.52783794780267	1	1	1	1
4.70201988427243	5.30635174651718	5.34151994451877	5.66531739418862	5.72951146128267	1	1	1	1
4.31991152652407	4.44806807697414	4.82218285595639	4.67017368751112	5.34081219533706	1	1	1	1
3.50536152589476	3.85421383523892	3.22580503049042	1.70096525982191	3.2416409059795	1	1	1	1
5.88921075088549	7.17080989289421	8.09132600963023	8.98353520029358	9.45049619012732	1	1	1	1
5.45728143783488	6.59338080082018	7.38656699296504	7.99618373578972	8.62276589857429	1	1	1	1
5.45710537022507	5.95983405437106	4.37257302781902	4.31424856103596	5.19768926267379	1	1	1	1
3.68733601427956	6.67691432039785	7.86341891571788	8.76912022358715	8.53580647277266	1	1	1	1
3.52291771105202	3.30297500473663	3.21194900723351	2.68662331700452	2.53576872845188	1	1	1	1
5.00853986861366	8.26936402642812	10.8853936486235	11.7392032800137	12.2980078293276	1	1	1	1
3.76412005432047	3.98352506838375	3.2444912080754	3.72791730503487	3.67988312891518	1	1	1	1
6.89873809409471	8.9522330283602	10.3504884173714	11.0860969344266	11.9472467453078	1	1	1	1
4.71771954234309	7.28931303670177	6.49191865048272	8.05730326838489	9.36734465652343	1	1	1	1
5.64824885243353	3.97646972500468	2.89491664031428	3.17773285165718	2.91669192476285	1	1	1	1
6.31858278732008	6.60546519607041	5.41130573535818	5.49294284388222	5.87434414604655	1	1	1	1
6.75834419648161	6.09492846870321	4.77041096376657	3.69477681242892	4.47025687005458	1	1	1	1
3.45903504115126	1.55431104686617	-0.557773006152195	-1.76477565006056	-1.35383104415213	1	1	1	1
5.39033108710116	6.76053877340961	7.78081177855397	7.99730909722565	9.86968799039246	1	1	1	1
5.29749656619243	3.42915909017113	2.76911069925425	2.98234677393502	2.4325138213753	1	1	1	1
3.94697995633548	3.4907558187694	4.28415649301857	3.78076091164569	2.80082014286107	1	1	1	1
4.17298011452165	6.52666507835206	7.69983868646483	9.01212874616177	10.0090023278034	1	1	1	1
6.62793032488723	6.26622018684942	6.73530969496387	6.83248376040332	6.51553632977262	1	1	1	1
5.67988111087717	5.20825674055602	5.59858803324886	6.05251260581093	4.21793478748535	1	1	1	1
4.2289081073972	6.57654099446419	8.04596989631386	7.71097700221063	8.83863784344354	1	1	1	1
3.0803983932985	3.45956969029121	1.9718401963051	2.27304462282553	1.80917754827995	1	1	1	1
5.10223977671946	4.20788812075387	4.49368194831243	3.01769046583147	3.29194124039822	1	1	1	1
5.6922075485953	10.719640855471	13.9936651704925	16.1960647874646	17.8508979099153	1	1	1	1
5.82367231165161	7.26047192462781	6.16459687828661	6.65348365325801	6.23459112959082	1	1	1	1
4.67230922227295	4.30530774462476	4.22825053826903	4.31975232640983	4.2274307639968	1	1	1	1
6.65830079445618	5.11329291660427	3.24140249545503	3.1255628423479	3.02841250062616	1	1	1	1
4.8992802896792	4.56080938282953	4.40494673116428	4.55646233704057	4.34427649652466	1	1	1	1
5.30184936954307	4.6766934126094	3.84075188490398	4.75742655049907	3.37146696300728	1	1	1	1
4.02228308391278	5.06691347208184	4.25005094806487	4.61698159689893	4.86507199053084	1	1	1	1
4.98539327972846	7.66045057215004	9.12372144211657	11.4143554394267	11.8250730371868	1	1	1	1
4.37088745643434	3.87194095411	2.97500763511716	3.54417646662115	3.62161507833477	1	1	1	1
4.60439617899192	5.83195361934836	5.43142914593149	6.0518347136689	6.41596478417729	1	1	1	1
5.17189367589686	5.56859471037491	6.06563519342155	6.5428789200043	5.72395073231333	1	1	1	1
6.86693667451601	5.9833655595157	7.16925669421055	6.996201030916	7.10132391635445	1	1	1	1
4.69927243351387	7.11342917291836	8.81608460554299	10.6358960719556	11.5442473170849	1	1	1	1
2.80155377875437	4.06543807061464	4.31108195866594	3.91517212390936	4.95916225333778	1	1	1	1
4.188172061866	2.50075222042819	1.87985668209116	1.06956103332274	0.756225961383833	1	1	1	1
4.20537129706293	3.58668411512792	3.33941661435489	2.53425268020545	2.66844510945699	1	1	1	1
4.46054263648911	6.08166480434005	7.01394452272129	7.41592146800533	8.0646850916076	1	1	1	1
5.02451034725512	5.90739000199977	6.98634672240445	7.78032258245232	7.40524849134323	1	1	1	1
7.22726812776449	8.47658563103249	9.40214045937302	10.2834549597234	9.97209756641753	1	1	1	1
6.47395508647379	6.02305863714907	5.14936975721926	5.17509836508782	4.3291544172549	1	1	1	1
5.10686167705227	4.72147270081934	4.0194907598608	3.96286000082312	3.27438164594657	1	1	1	1
5.6313342004107	6.00202851539818	4.7907365194195	6.02853960275625	5.8111142331529	1	1	1	1
4.24713594012886	5.62412527548367	6.10667618688904	7.57352456991209	7.94290735246183	1	1	1	1
5.33844474547861	6.64846537758721	6.80101978369522	7.0608215477743	7.93847097817626	1	1	1	1
4.98920445659371	5.47665342792982	4.6962119763679	6.14386413110491	5.09280897477422	1	1	1	1
5.9793419054058	5.94662293996509	6.41205848105955	6.83060288483763	5.85461427427683	1	1	1	1
4.97591224235408	5.37850392579494	3.70754960273206	3.28463697870104	3.84558180023174	1	1	1	1
5.25370125417437	6.15104430330862	6.75797411733486	6.56333817924864	6.69180392957565	1	1	1	1
5.56880293172733	6.53481022276024	6.90289967291911	7.44281691981527	7.09780544198885	1	1	1	1
5.92420865287686	7.45519939985667	7.08348601659225	7.26822585651263	6.37146200222327	1	1	1	1
3.13797300809248	3.92095444495691	5.52280724339823	5.07567828203167	5.48619903440154	1	1	1	1
5.8865265956627	7.93756044999378	8.90327593489738	9.32826355230231	10.0277101053846	1	1	1	1
4.53220128861505	5.47883592283643	5.50326867153972	5.84154801420897	4.44632693502964	1	1	1	1
6.81720338417813	6.30503494422975	6.43503903051639	6.10062717641706	5.61934804157448	1	1	1	1
5.71246954983162	6.18487321261443	7.29284435084291	8.47825945238234	8.39443202317599	1	1	1	1
5.70110390771013	5.8629588436542	6.18850966441194	6.07489094408228	5.45551852381795	1	1	1	1
3.9328241285557	2.84446020565658	0.592505101039316	0.0731164753349759	-0.400861881838594	1	1	1	1
5.09234723831947	6.35591466159228	6.86784473827951	7.90241365361671	8.40260132375739	1	1	1	1
3.95554964862333	5.82764400685117	6.17002409206717	7.23246487062427	7.87822435989316	1	1	1	1
7.01634956278627	7.58721447334357	7.91089579808638	8.13614943925774	8.89645238159914	1	1	1	1
5.76073584845161	5.37203859560146	6.80343907021642	6.55946772794054	7.1378737512232	1	1	1	1
5.99676419465997	6.05218202864083	5.68474428302244	6.23731490016223	6.09485470565143	1	1	1	1
4.16643345534242	5.5964796681792	5.09128060848692	5.25918483429979	4.28924961112223	1	1	1	1
4.05816387360857	3.18108431315152	2.56112095268255	1.82817992213813	2.58986200227226	1	1	1	1
4.92526216903731	3.76217525358821	4.00412917683101	3.71911679496139	3.85393717177344	1	1	1	1
4.4612157715722	5.24874480759074	5.53026989676431	6.34324925348867	7.41910673585366	1	1	1	1
5.10243236903819	7.19909596330096	8.91853796959137	8.44659536972415	10.1984272111752	1	1	1	1
3.79536992910705	4.31455708217518	2.82798378812602	2.58286886560958	2.55516517643461	1	1	1	1
3.27374538606532	4.9411493330672	6.68049798941125	7.28127671139001	6.97203987145386	1	1	1	1
4.10884727282526	4.30332886436227	5.51849416354745	4.91881034327584	4.05111428521284	1	1	1	1
5.24442515484309	6.30689476191859	6.16780540472089	6.91262035293341	6.75178659275629	1	1	1	1
7.22963104829661	9.82872042433811	9.53566493634571	10.3796862899818	10.4171637253476	1	1	1	1
6.05459735447357	2.54857785367868	0.465130262633144	-0.377433752024278	-1.41133956239875	1	1	1	1
6.292645189297	5.33563762906982	5.88784273222041	6.08070616850618	6.0890021747399	1	1	1	1
4.7315366005038	5.19860609050904	6.98079375574712	5.81395630844563	6.64676261548507	1	1	1	1
4.58510148872172	5.57546059830709	6.37977524167871	6.08809718901932	5.81853336064172	1	1	1	1
4.072449838359	4.68149675329485	5.49422595888176	6.08223736192782	6.62402666624499	1	1	1	1
4.89403703652172	3.59419078772931	4.11777018527792	5.1335533864709	5.33131139940395	1	1	1	1
4.72839249199645	7.49125663430771	9.50325290634203	8.9989994558663	10.9415981545945	1	1	1	1
5.10916650549564	6.5071578675187	6.13288596451446	7.11522069067042	6.22803079178026	1	1	1	1
3.47882562326982	5.98269644142819	7.04249426029438	6.29037344473304	7.31861077272002	1	1	1	1
3.45466924396507	5.90999085497696	7.9603623751124	7.5812390448985	10.0482560017999	1	1	1	1
6.0148779365882	8.06154362725056	9.87365524812396	10.0627303654096	11.1309713289178	1	1	1	1
4.16807816841398	7.01546378488361	8.45478107886949	9.04715840632445	10.5738566344484	1	1	1	1
5.21155307273679	4.12223392090472	2.36680802270207	2.13250067340848	1.9470311406172	1	1	1	1
5.11514658249997	7.18144966109031	8.679784025669	9.44007277145126	8.88555694298952	1	1	1	1
4.70175168611296	5.33334025568957	6.50982589903225	6.27221015035995	6.44260765352063	1	1	1	1
6.09266847265242	7.68954756118399	7.3668911259139	9.19677136537185	9.0850573263107	1	1	1	1
5.75039462770739	6.40111747783815	6.7885594904781	7.07472509538771	7.92714822731747	1	1	1	1
3.3362218057747	3.66949985376338	4.71354745740804	5.41547206769256	5.44629198019186	1	1	1	1
5.29741688322633	7.73699389392347	10.0327689346959	11.332279762241	12.2611237299829	1	1	1	1
4.27686962594723	3.65785482136287	3.04242377288934	3.02368345929434	3.42064881573242	1	1	1	1
5.82958263473488	5.50169326300649	5.92543401776931	5.07871248780799	5.33514608760816	1	1	1	1
4.68026034338136	4.55257277340526	2.96840914579807	2.12343502894782	2.0223445060739	1	1	1	1
3.58450959298078	2.89651509934397	1.81164223447509	1.18275527688237	1.46297192676057	1	1	1	1
4.26356138347561	6.10406496274479	6.51072850921968	7.58914655587259	6.39433849869858	1	1	1	1
7.18543205762985	7.56050060656325	7.52094870389433	8.70382026861733	9.75262848822639	1	1	1	1
3.68499457854959	9.19363277136638	13.0055873867007	16.8681104187608	17.419815147896	1	1	1	1
4.26186999301259	3.86141410792625	5.11550393070271	4.3351014791307	4.02877977916543	1	1	1	1
6.56209806901868	5.78119910639123	5.33906428851039	4.69880402777861	5.551095276186	1	1	1	1
6.05723223084704	5.74466979888277	7.27701969917719	8.1851560359813	7.69310593932273	1	1	1	1
5.69813264795498	5.09127346653388	4.76558741866991	6.1414194365637	5.85199754393695	1	1	1	1
4.99522229360202	6.65314075387957	8.44660826448404	8.33944844948298	8.17979062265569	1	1	1	1
2.26026149202767	3.27405077368579	3.10021541611298	2.82514069023756	3.03518011557278	1	1	1	1
6.45625813942729	5.73183136860595	5.74982229625487	7.08785027728446	6.2928759343406	1	1	1	1
5.25826343914597	7.91750481071903	10.2199522766611	11.3115052711617	12.1601819503609	1	1	1	1
5.48842760084331	5.76220375372193	4.9052344477723	6.3530925855277	6.20524517270277	1	1	1	1
3.35287616191606	3.85011831126322	5.1711559689975	5.21323603765797	5.77905700369545	1	1	1	1
6.73805279114307	5.90347998746395	5.46800769548892	4.71320187878412	4.24753746763947	1	1	1	1
7.46344403368817	6.57577675760299	7.45104898067075	7.61787050720317	8.55846241040473	1	1	1	1
5.15363343803602	3.32312425364189	2.62862720757046	3.23497501380498	2.41003184105826	1	1	1	1
4.06145580555548	5.64325991954229	7.63843068603886	8.51418235338832	9.37088411047849	1	1	1	1
4.80157354339922	2.57130305597012	2.62397233667383	2.15305439297826	2.61403018628372	1	1	1	1
4.81340970753062	5.54663719296151	5.0688361708162	6.13475683979411	5.69696642232829	1	1	1	1
4.84957929060669	6.16186429477249	8.18169248550139	8.96178394998762	9.41445855711511	1	1	1	1
5.22420741456624	7.75956039283052	10.40536209132	11.321892835023	11.8538825742606	1	1	1	1
4.47008707282496	4.29268743943423	3.96107284270019	3.93440747577764	3.46277634065916	1	1	1	1
6.90016288482819	6.47992000089879	5.42105232153704	6.02057302584088	6.13449931125017	1	1	1	1
4.78324377108211	5.94373194100682	6.24741111328314	6.31146735241358	7.45993644945174	1	1	1	1
5.97855147409921	5.87479866670679	6.89518447337004	7.38696355975964	7.99204041016498	1	1	1	1
4.11103505282265	5.17764257957733	4.4659860372838	6.30211376513528	6.24230121432799	1	1	1	1
7.50400228034415	8.64314042101	8.6819477310154	10.1138678113092	9.66985830932942	1	1	1	1
5.58984009164131	7.11522961120114	8.27750339617975	8.5013538263961	10.4509857990896	1	1	1	1
5.97283678295527	5.33936516052646	6.0003417593395	5.54334552962405	5.039791526551	1	1	1	1
2.81491440472673	5.87017295503634	6.5860603180702	8.57303388115519	8.42392344933426	1	1	1	1
4.2576389603154	5.22379598952727	5.67382519299233	5.55775784092246	5.67521511556998	1	1	1	1
5.21674164642564	6.68143441469608	6.46472851611604	6.94274105877528	6.86662148668054	1	1	1	1
1.63617957992659	2.69904964382808	3.40928039673026	3.91175808043436	4.52694890111329	1	1	1	1
4.79810223697765	4.56609615105485	4.54004107263002	4.26986067208705	4.43349872334115	1	1	1	1
6.64421294944271	2.97842359760299	1.31696630384179	-0.0219928967236889	-0.207430548188756	1	1	1	1
4.72292655309118	5.71829505178818	7.96317075336933	7.45303024054481	8.70103667840248	1	1	1	1
4.95865026788116	5.52697537663676	6.30934942641486	6.78366579234968	7.02291784553239	1	1	1	1
4.76066497299971	7.1355727936613	8.56089981425542	9.59653992151666	10.0833334920269	1	1	1	1
5.47366292519023	5.44492576231631	4.91765573628218	5.32355701193513	5.29182971489179	1	1	1	1
5.60716403271614	6.0854770077651	6.41515570729114	6.67221687389363	5.77592697957131	1	1	1	1
3.10384378000951	6.50794546694024	7.09630226891065	8.91308385431634	9.78907479690822	1	1	1	1
3.86867175136874	9.20090992999546	11.8133308090538	12.852222880599	14.3667296898048	1	1	1	1
5.37213357406914	5.23337245023139	5.77792501321991	5.78157840520775	5.71733116425091	1	1	1	1
5.52101719221283	2.99827379010645	1.11462991225184	0.94483134795641	0.618170182498356	1	1	1	1
5.67867612789088	5.72021733692275	6.3082497723234	7.39092502590922	6.70437806167237	1	1	1	1
5.2161123991142	6.22791264857489	4.35457467972574	4.66089764781426	4.22753635836678	1	1	1	1
5.36426094671782	4.24220386453307	3.75050374826559	2.330131915376	3.56373688655547	1	1	1	1
6.23482662389088	6.78798328888593	7.85308765353858	7.92905724028828	7.92679931131834	1	1	1	1
5.54628738698633	5.60058770601371	4.64675393730284	4.95418541727436	4.21239236414136	1	1	1	1
5.79592227964148	5.19289878000222	4.06716615416414	4.06088045897705	3.16646500732446	1	1	1	1
4.95333967835843	6.05568731685492	6.25003999372675	7.47217789339889	6.47651523008361	1	1	1	1
4.53663524188651	7.85399341412635	9.62773140034921	10.5220790322588	12.0267780696035	1	1	1	1
5.3379117714918	6.91011601270902	7.33532131192396	8.8232994023913	9.22513238274575	1	1	1	1
4.47849427161782	4.6337822435156	4.57705620175247	4.1027047854895	3.31500967645046	1	1	1	1
3.79575185794977	5.04709788594409	4.56506999379087	4.58466152118868	5.20299441762433	1	1	1	1
4.72486483580513	3.52011542419852	5.41566982129675	4.89591344030879	5.48276918551258	1	1	1	1
4.02262781493807	5.46200314013247	3.91872501539389	3.42639652846581	3.29082531989046	1	1	1	1
7.18425599707248	7.56346387739814	7.21429354338196	7.68682484296768	8.70784983773364	1	1	1	1
4.81828547856762	4.69468143175973	3.94966115013878	3.70451467081039	3.95660323535423	1	1	1	1
3.86886918913342	5.18703035022516	5.56266506973995	6.0685150857135	7.13265725932273	1	1	1	1
6.42087269641228	5.47038188633061	5.39161625410391	5.71749814908947	6.302413946142	1	1	1	1
5.69195598350323	6.15968000431069	7.2014859854243	7.79404903948292	7.70325376084646	1	1	1	1
5.91722508713295	5.6937304900428	5.30619619789938	5.36084328068015	5.46184964743626	1	1	1	1
5.33648349671881	6.3063177414909	7.52322570598289	7.31393974830398	7.84158889867447	1	1	1	1
7.1927166694721	6.30009728407936	6.30666072264001	7.03581970973126	6.04586147696999	1	1	1	1
3.16925336403313	5.37092028124265	7.95213392609794	8.71181741910797	9.80647404526768	1	1	1	1
4.45166379080576	7.64328775951458	8.73634736142668	8.45899571299466	9.02113690357439	1	1	1	1
2.84708604218498	6.65670430351026	7.474096878992	8.15959180067668	9.12098557894494	1	1	1	1
5.72218121885577	7.26389797739885	8.01020612087398	7.94890133881767	8.5025953246507	1	1	1	1
3.74415291699888	5.4614299768237	5.54696446133303	6.0334086765851	5.98722942707261	1	1	1	1
3.63324518357386	6.56936826147775	7.30193564632112	9.68175330883575	9.29868215782846	1	1	1	1
5.17381375583482	6.04442129114109	5.99494971035113	7.69375558034216	7.82934158424298	1	1	1	1
4.50331827041523	4.62367224739009	4.1631006470226	3.33325675230051	4.11618664895484	1	1	1	1
6.03788108400208	5.50721901590365	4.29877513606256	5.29389303803512	3.72502069956325	1	1	1	1
5.58488427657929	5.87510678643462	5.80287876649124	6.61010018093488	6.72745030877088	1	1	1	1
3.54247647430021	5.847490125395	7.06628415015484	6.44674582978208	7.92831651188228	1	1	1	1
3.97600371169991	4.67442580326049	4.2302533594541	4.30334502080093	4.26583242536711	1	1	1	1
6.12629551657794	3.668402889171	3.54996618845275	2.05484800932412	1.77987704710762	1	1	1	1
3.38496890984712	4.22088806305826	3.43076070825774	4.37742097755023	4.07532702443285	1	1	1	1
5.01581927756886	5.9719899237393	6.00936792079486	7.52115988537085	7.73053251688764	1	1	1	1
6.17388841561364	6.71543929462044	6.6966180998203	6.16923852763772	6.85212546739909	1	1	1	1
5.86514912261648	6.5173500989696	4.89944340622233	5.1621136879605	4.96298126291147	1	1	1	1
4.93233575656048	7.25253896493368	8.50897233031165	10.2951102255056	10.8266536908636	1	1	1	1
5.27371747557597	4.95987099661689	3.8646991061396	3.75832623970867	3.02335914975171	1	1	1	1
4.37142374578895	4.51560313207928	4.74401675511211	4.15970833795637	3.39884518854631	1	1	1	1
7.1535364076937	7.30636359357905	7.08027709094149	7.81824513366135	7.54754398247128	1	1	1	1
2.71624440744908	3.85162123565956	3.83176891396532	3.05951641563965	3.43556190156626	1	1	1	1
5.50913272925168	5.0342560468833	5.91202260871011	6.74739230703056	6.07983742259296	1	1	1	1
3.64012147258503	3.67009773998149	4.71587272143452	4.64664703430583	4.50319502020243	1	1	1	1
4.47766860847302	4.76313504485222	4.87486949192491	3.66195840527847	3.14496451251169	1	1	1	1
4.05214780109378	4.36661124699142	3.55541806853165	3.63976218139737	4.34424610336934	1	1	1	1
3.9360070738257	5.43577866212949	6.94665863349744	6.9094104260056	8.32697890786724	1	1	1	1
6.04443858114378	6.85086903548157	7.89266460075594	7.61756784798216	8.00397967768197	1	1	1	1
4.23746822281564	5.38540151641537	7.0333399549299	8.22488280691546	8.31247549275695	1	1	1	1
4.44122541583881	1.56869116286194	0.752141537246324	0.240565431570294	-0.301147123456395	1	1	1	1
6.26578731619572	5.71339388202017	6.89303145190895	6.35793708003365	6.71843059206732	1	1	1	1
5.16876694241176	6.06888647886404	5.70945453201361	6.5202230482862	6.34195001439509	1	1	1	1
5.55352637747554	2.42569837147319	1.45117655261331	0.68456329746475	-0.951235343216267	1	1	1	1
4.45284647871417	6.31519021350976	8.27428778476597	8.43229732610748	10.0093527196122	1	1	1	1
5.41322333280073	5.99027548699656	5.52208566493776	5.19811029387856	4.44992864181541	1	1	1	1
4.1338788393371	3.80713550565739	3.68207492983905	2.54480974559573	2.90527312550135	1	1	1	1
5.09596424980314	4.74331387315047	3.96180884923352	3.87160260381788	3.1731342514466	1	1	1	1
4.78883589000577	5.64130798824931	4.82714475101217	4.36795849552524	4.6753464437102	1	1	1	1
4.91748558029038	4.29704388005207	4.64049696302544	5.14315568171224	4.50269853805605	1	1	1	1
3.62473350023022	4.19011603520156	4.18923216208491	4.73497480201177	5.00431904644287	1	1	1	1
3.57514136675591	6.14568228111217	6.82087651333615	8.11334104313705	8.3364225241671	1	1	1	1
6.46167645326574	6.21269290096214	7.90350992480708	7.95167198875767	8.87370570879611	1	1	1	1
5.22028644850813	9.04125344368878	11.351927249418	13.8020504849179	14.5167559108118	1	1	1	1
3.88612002824029	3.23995413695083	3.75013570771274	3.24097417493416	3.45368738009974	1	1	1	1
5.14357863347981	3.74627200996571	2.74918764964798	3.42031720378846	1.48684006098158	1	1	1	1
6.28459789336946	9.10462512551679	9.86183005327385	12.0153105865468	13.3416713550683	1	1	1	1
3.55974175858276	4.13808554193098	4.45383034885258	5.21780369284752	5.28952312275444	1	1	1	1
4.41022290690567	3.39857432656982	2.48694223853611	1.73428843790666	0.928154929623884	1	1	1	1
5.03160913330194	1.92612765063958	-0.306279712177008	-1.49834358289972	-3.2506550454902	1	1	1	1
6.2557161531413	5.77292656090441	6.60816228344796	6.59751459272663	6.94134034853591	1	1	1	1
6.15003167274976	5.8569201343706	5.27647997861519	5.59225240897968	5.34887355270088	1	1	1	1
4.16979804682581	5.4310813148816	5.88356778025626	5.08361379334817	5.74662675077383	1	1	1	1
5.46735413577958	5.47501715320379	5.60565114431445	5.38074651147845	5.09005880755487	1	1	1	1
5.28859904023857	6.76709970968886	7.74067479934209	9.29407810542544	9.11758656221516	1	1	1	1
6.8126495989684	5.99672714642631	5.98397668579711	5.95329441452163	6.45632749998226	1	1	1	1
4.58936361570231	5.38128212232306	5.00789510772003	4.88898477784558	4.35556824548369	1	1	1	1
6.0147541968198	4.28544007845824	3.524297736511	2.05576078407527	2.26947735152712	1	1	1	1
6.24893066653741	6.03418128829139	5.70084902573085	6.59849268402486	6.0417095592715	1	1	1	1
3.92608846613932	5.92229868208827	5.17464849798778	5.93146961941949	5.52527370858731	1	1	1	1
5.90635358143567	6.16570757245387	6.50530317906321	7.50840605727153	7.83936832621679	1	1	1	1
4.52004345463008	5.23437699001853	5.99728464180078	6.16173481088575	7.1090692788664	1	1	1	1
5.33999240826907	6.33792670493098	6.81526526982291	8.13273024386761	8.06806887592957	1	1	1	1
5.51805275326725	6.88054646493728	6.76901022243921	7.59177032418196	7.56974491509501	1	1	1	1
4.77328301847155	3.40533730833775	2.23137881198287	1.44520097679565	2.6252382499706	1	1	1	1
6.37993965795432	3.19371510576026	2.40321261845946	1.14746810052154	0.50578049476883	1	1	1	1
4.93125078628332	4.23513342085687	3.51506052776615	2.76085041111205	2.67885307452435	1	1	1	1
6.68823614265933	4.38379828474773	2.49291144129287	2.1149776358272	1.75959500080165	1	1	1	1
5.19399123052043	5.32853631750112	6.14023569666117	6.20926860007119	6.41106213580889	1	1	1	1
5.68676149260352	5.32667094232519	6.20887704928786	5.14375381552266	5.54780879134822	1	1	1	1
4.27696736223256	4.59044912374938	5.0899275218314	4.38041260814437	5.27689784993124	1	1	1	1
6.4587256622241	6.80980249399519	7.99112551118625	8.66485849626628	9.32016966883507	1	1	1	1
5.38768231193796	5.01415790590658	4.59464021811625	4.68456588954502	4.58042388724139	1	1	1	1
5.6171019374803	5.99776027211933	5.2768842649697	5.22627180593119	6.15454074695011	1	1	1	1
5.34059826614831	4.02873363138706	4.36170905537395	3.0974184908752	3.11327334143658	1	1	1	1
4.5917094404603	6.40825213487725	8.55965828431795	9.51405560770197	10.2290730106133	1	1	1	1
3.29142805134983	5.73031299781791	8.55624384527738	9.92730616595145	10.594490602688	1	1	1	1
4.44163110092556	4.4018374915703	2.61891226759914	3.4638379770267	3.88172623182747	1	1	1	1
3.91938923468536	4.01656724636084	2.99783896323071	3.3300282283911	2.96103135220174	1	1	1	1
4.38835155042525	4.53079663815026	3.54578303149117	4.11297314106418	4.62208072442811	1	1	1	1
4.23606998789443	3.72788250767768	2.56360921565319	2.56133740679556	1.12236017413995	1	1	1	1
4.63450908292367	5.86701751303047	7.07598106734123	6.93848065248328	7.08100760795825	1	1	1	1
5.56768249718349	6.05098653936005	7.4329046199145	7.83115337736792	8.34828374549001	1	1	1	1
6.38064175542909	7.39771387725965	7.07658080033959	8.04708985830345	8.95874822281977	1	1	1	1
6.13795935302425	4.70672620856685	4.68325349416318	5.12926727715127	3.48211667874119	1	1	1	1
4.57740353485203	5.21397207339462	4.69445735445111	4.0551135563282	3.98750832319541	1	1	1	1
5.65809071480916	8.09365302266432	8.03110895191798	8.84118872525108	9.75061193919493	1	1	1	1
5.09364474628774	4.49375933566104	1.97883598780437	0.510463382753889	0.678829302296451	1	1	1	1
3.15159981089673	5.001468315101	5.90650579473566	6.52829728965016	7.28792187979636	1	1	1	1
4.72915236802966	4.14179285815267	4.31658239632931	3.53076687955045	3.14565611984231	1	1	1	1
4.84873884689571	3.60569274819175	1.55822818057375	3.3204974631419	2.00678211486086	1	1	1	1
4.85661289603538	4.351694932912	3.7330510782879	3.19691018901502	3.36758570329416	1	1	1	1
4.54705276945616	5.86761613636526	7.56291894969304	7.89358574733188	8.90351508716356	1	1	1	1
3.17384928037084	4.00586910174836	4.81537361576153	5.82323042634235	5.52334130823395	1	1	1	1
4.92398531298194	7.14515559188512	8.12337865139684	7.63855247042641	8.76611914156493	1	1	1	1
4.61254818709066	3.51306900856031	1.81719517688056	0.629281613132993	0.846250171998473	1	1	1	1
6.28511147189867	4.60807717843775	4.94673321594469	4.42982675360265	4.0614929278371	1	1	1	1
6.32523833229718	8.42513906674618	11.7497125069459	12.9904571116027	13.3758337676526	1	1	1	1
5.86571906408843	5.54531815599081	4.75159299039024	4.71673602327219	5.72823436671485	1	1	1	1
4.94331976850752	6.11944194426018	6.42831044271141	7.17868104012658	6.86503334973453	1	1	1	1
5.93165817282007	4.89128099828502	4.28918719387406	3.38888446084396	3.06782115246369	1	1	1	1
5.09262842999445	4.36410219999194	3.76884043925197	3.48379485828544	2.85413135339612	1	1	1	1
5.8064305075552	5.37663907457916	4.86124380781134	4.62539806117698	4.56740933023259	1	1	1	1
5.96308883477448	5.7438069397654	5.6665605197624	6.47042388970115	5.97666298066715	1	1	1	1
6.32629685616692	9.31567582128944	9.60963160435254	10.1055322662221	12.3368524010699	1	1	1	1
6.82915805622124	7.22225046442212	8.22579688862769	8.17840257747595	9.39561421461267	1	1	1	1
4.06915826346984	5.74033458723692	6.09350261838814	5.95300646120671	6.53652184443727	1	1	1	1
3.56064506310304	5.53905184026096	5.32710792089864	7.41941755653025	7.2771666569246	1	1	1	1
6.07031860316865	8.61521455154596	10.6963798976187	12.8653861434402	13.108232647469	1	1	1	1
6.522958655803	6.6760347885195	6.50721295073121	6.50814801786481	6.97292827533685	1	1	1	1
4.64921251021977	3.65463438106061	3.46041617113209	3.29194535178317	3.06740126300796	1	1	1	1
6.06915265512823	7.27932434162192	7.99362855405455	8.55511810162943	9.30459228369732	1	1	1	1
6.86729003370429	6.97906975872509	7.53578264941363	8.22739009240852	8.55617187367933	1	1	1	1
4.24896518787412	4.07814688050955	3.56824650440367	3.95075544716351	3.39035375936502	1	1	1	1
3.89164864383673	3.77608749987913	3.29467952583568	2.71288444023698	2.02716583585433	1	1	1	1
4.87907338407212	6.00151281628124	7.2790461467615	9.15138475739877	9.83044058309075	1	1	1	1
3.33605758129556	3.27615494320425	3.60681034949565	4.91374011818386	4.55790233173576	1	1	1	1
6.4088657320358	5.71435991150877	4.78318290112032	4.34522231115335	4.17139669013714	1	1	1	1
5.46374668847617	6.40884606832271	5.7058669900751	6.64320946162953	6.98434350067742	1	1	1	1
4.36069236576088	7.07826830589749	8.75454307720474	10.2916976254668	11.8181779690173	1	1	1	1
4.50895766495059	3.58644407670083	3.81092554402424	3.15140664790112	3.01621513864319	1	1	1	1
7.26592600967279	4.25551863867098	3.96595278345173	1.86008615104144	2.1363841198389	1	1	1	1
5.28566324796825	5.39755047199386	4.58117512181251	4.68413251509622	5.16454660394796	1	1	1	1
4.80237482655431	7.13270388274789	8.89052564320848	8.65698982792825	10.7702339990377	1	1	1	1
5.93348163623066	3.14356002649356	0.841488492063896	-0.335786052533633	-1.79917910638604	1	1	1	1
3.73347122046458	4.54798908031103	5.81569318424783	6.32550789083726	6.05236402522577	1	1	1	1
4.63668187645687	7.48625439703248	9.02135571654343	11.0085219873776	10.2022725406879	1	1	1	1
4.36840947976717	4.64764023183899	3.7300680895109	3.74544449965414	3.99463073604173	1	1	1	1
5.05700815061338	3.9256718679806	4.18271081838773	3.09334227068214	3.61087349763706	1	1	1	1
7.57857699569885	7.55397335167943	9.10958566299099	8.91318380925938	8.79707794927023	1	1	1	1
6.58975472070619	6.42643830961259	4.55381275246782	4.40030217609384	3.51445181068225	1	1	1	1
4.94036530572132	6.27205436590382	7.05742153779607	7.89667817775681	8.21043270862989	1	1	1	1
7.05558964420121	3.74291317908573	1.30924388965351	0.370659394935372	-0.587703606959948	1	1	1	1
3.40898821918834	1.88159849951351	2.28406011706603	1.46337235742378	1.31197266601439	1	1	1	1
4.65371584901696	7.8637295272223	8.98759072166422	10.4450071133731	11.946427450593	1	1	1	1
3.81293085158433	5.02454586669976	6.12119360559567	6.91841178055985	6.79289319767675	1	1	1	1
4.49516561772115	4.81156123241529	3.98614681339658	5.4194313484918	5.00344162074951	1	1	1	1
5.18007168737433	6.16939907676153	8.02799782723259	8.90276431179905	8.95790089699066	1	1	1	1
2.95075816529443	4.30427364475224	3.78835887242598	4.75819247904981	4.19247351205797	1	1	1	1
5.0910058376768	5.1517257226215	4.6424407052154	5.00400595084859	5.34986824021819	1	1	1	1
3.19271872117106	5.61364853126368	7.42074070445778	8.15903056167448	9.10197606620395	1	1	1	1
4.2423987304459	4.89656057129483	5.203061071081	6.08389543056339	6.40585392526345	1	1	1	1
2.61769594203549	2.75075821817368	2.41357543505454	2.35180341772587	3.92781580327241	1	1	1	1
4.76181598540873	2.50747426704926	1.67849556240652	0.561947784867125	-0.303404495491266	1	1	1	1
5.54738447269252	5.89411602679491	6.62045411120911	7.43608411963319	7.28940957931461	1	1	1	1
5.53987422691839	5.66998357493652	6.55311109857501	5.57498418902639	6.21833537899392	1	1	1	1
5.17183061221675	2.81395485400783	1.46255632820362	0.412421346763208	-0.427001157709684	1	1	1	1
5.33039966294697	4.15103641824709	3.93960259662202	3.15769911375099	3.72980749638051	1	1	1	1
5.90648901784314	5.05852227597189	4.40483968969932	4.43807420121248	3.88606780327005	1	1	1	1
4.39173334965775	4.04375808392482	4.34818013287611	4.84437420180534	2.28109180096306	1	1	1	1
7.06728356457685	7.85328999533752	8.81127948797987	9.32693542017324	11.1306718189105	1	1	1	1
6.32935652819868	7.33045664577041	6.88020857130815	7.57649343379101	7.78012109881597	1	1	1	1
5.7930380581505	7.22708718992047	9.04325020656008	8.80054891552762	10.452370697854	1	1	1	1
5.0336260939258	7.68103964948505	9.32735656342977	9.6009557032549	11.0126247541057	1	1	1	1
5.7809586376438	4.54256947853449	1.57822955819183	1.34025583502446	0.0360778250310686	1	1	1	1
4.53670623704286	2.53242387931663	1.4467507634038	0.00480560554813925	-0.258818896356309	1	1	1	1
3.00392567218995	3.23668526495283	3.14792736856169	4.80708115925903	4.52408592871197	1	1	1	1
5.56927461688844	6.95232528406283	7.93879174848001	9.36016463108398	9.99923549273566	1	1	1	1
5.24428618833822	5.40947663624444	4.85973781314367	5.52671915905424	5.52244552329542	1	1	1	1
4.14931859026199	4.33621665073891	3.66844438755858	2.90248184242864	3.27886987802037	1	1	1	1
5.41536253657401	8.67941110888778	9.85838883487069	11.3351411903495	11.3241931466202	1	1	1	1
5.49409273005789	2.66368610153873	0.833773270388907	0.606704439676039	-0.167130920925326	1	1	1	1
4.34430150110529	6.79075249905551	7.74351081044533	7.42152049588697	8.38226472440734	1	1	1	1
4.80613564269428	3.68683769344133	3.95960256241344	4.18554946116487	4.86726739718213	1	1	1	1
6.73363345222939	5.50473666154215	3.84005474165385	4.82640186546231	3.40398369218551	1	1	1	1
5.47238594659868	5.2290801158429	5.46603809734251	5.27444351074886	5.17729511063181	1	1	1	1
7.17328190404866	6.19164325763964	7.62946746061266	8.15963161838664	8.07178889255966	1	1	1	1
4.45698929185569	3.32442558461232	2.38661288845155	0.433519507344866	-0.088936872578212	1	1	1	1
4.53712673517532	4.14688222644845	3.90618337644239	4.21842014191206	3.9491479246709	1	1	1	1
3.87411455270245	2.70280290378444	1.81682290482219	1.49807037418471	0.856975763157952	1	1	1	1
6.31500039009574	6.47722053087939	6.36536163318802	6.58874156288812	6.02028250363451	1	1	1	1
4.79635957262958	4.58398600952206	4.60644206725453	4.95181946134001	5.16900391980138	1	1	1	1
5.01424568417574	4.59075454989199	5.68175397912472	4.96966555134071	5.13568194960767	1	1	1	1
5.77898659237032	4.82161230112387	5.78356310130437	5.1836698405629	4.19498151671911	1	1	1	1
4.91364958630234	2.88851402006354	2.30885096806362	1.76045310135216	0.291822196430539	1	1	1	1
3.79250154930918	4.20849853649673	5.06007557278634	5.5809062947073	5.81735320547242	1	1	1	1
4.74178870112748	5.88436857572899	5.76604735215501	5.13201336949619	5.4173586061473	1	1	1	1
6.70057395853004	5.77259913494818	5.42776719498907	4.85650951359997	5.45316038191188	1	1	1	1
5.37864959785202	6.24369741728051	6.80033529269193	8.07273989343486	8.0163166589192	1	1	1	1
4.92913021228629	6.27806943474403	8.86089660868871	9.93560341233834	11.3165360146036	1	1	1	1
4.63239442109181	3.86983431022565	4.11353692593574	3.43138613459059	2.84885279564089	1	1	1	1
6.39421738119295	6.1782444627045	5.28833129930845	5.13112910107658	5.15622789088596	1	1	1	1
6.99509912837122	6.79672654963657	7.55788600609385	6.05459633325372	7.15577828516831	1	1	1	1
4.69265620058831	5.56378836520316	6.6031317128884	4.57516107235162	5.26309945392979	1	1	1	1
3.9640465623893	5.57150141254537	5.85943427978401	5.09621882969511	4.83646734979007	1	1	1	1
4.59449747335737	5.21064965491632	5.48634969921961	5.89461451488627	6.14188989221946	1	1	1	1
6.152053963752	6.49020171858908	6.70381974267617	6.42829893969923	6.11334789538627	1	1	1	1
7.68742490645986	6.31138857271277	7.11904549823649	4.63046900330592	5.69021789808678	1	1	1	1
4.49543400082184	3.76257351540267	6.03311303794468	6.13886893826577	6.69996225932728	1	1	1	1
3.6733610103389	3.88610699037317	2.67029535460615	2.71369427808652	3.44770371873746	1	1	1	1
3.6916986751236	2.1062023340001	-0.647031150716301	-0.553385966390579	-1.80007576362421	1	1	1	1
4.60666948559249	7.67295186315859	9.14184546097544	12.0357636312955	12.4732417548584	1	1	1	1
5.48570361847678	6.57032554098722	7.54910950866165	7.42290290219217	8.57314913298085	1	1	1	1
4.63578847036626	4.18649720863224	2.84828498865714	3.13399401154249	2.19703733525185	1	1	1	1
4.73396990096842	6.15639813257849	5.7100168214753	5.87526821862884	4.90089610384114	1	1	1	1
4.11829401648032	6.34155725460023	6.3226029838885	6.69891788661059	6.61995152010968	1	1	1	1
4.0427715129517	3.95771208194146	4.94515969446481	3.95879020880258	4.81735728073316	1	1	1	1
6.83613454890818	6.8971757937582	7.13455208696051	6.9107700200809	7.12212842910455	1	1	1	1
4.67435927923177	6.02430719087139	6.89379390401959	7.12344195310266	7.89396360927125	1	1	1	1
5.6113978327952	4.03438431473644	3.18566655749472	1.2790856013846	0.744158353328545	1	1	1	1
4.37755494987948	6.65805633658827	8.41432057278984	9.14998087111996	8.45382151711387	1	1	1	1
5.8037635752925	5.76178318693053	6.03794642636786	6.83016147678459	6.25973306786514	1	1	1	1
7.31174138239099	6.7775689909528	6.58632857916488	6.149874190435	7.17553464513423	1	1	1	1
4.88200995199888	5.87949220107965	8.12032695152326	9.27371503684493	9.87419740290728	1	1	1	1
5.90358413873868	6.09965298629371	5.36164016614923	6.5478494699423	6.38186684214779	1	1	1	1
6.73678687229151	10.9538054155849	12.8974672342002	14.6503868375114	14.6112840094575	1	1	1	1
6.47470078473873	7.10084944500474	7.75118917215041	8.04501704361413	7.2703126776566	1	1	1	1
4.87484516239455	6.08252844926579	7.05604646265152	6.34160389934891	7.58051354899177	1	1	1	1
4.11355992523537	4.5854047947287	4.88626697169084	4.10183502108243	4.99627063707754	1	1	1	1
5.17842416634028	4.59812648873758	5.39570613667077	4.28180867533181	4.8360193965636	1	1	1	1
3.88290259930595	5.1636125486133	6.00208718202841	6.66884182118685	7.28250395761498	1	1	1	1
4.81267504482928	4.91888374376807	3.57541719426342	4.74743541642697	4.59445727294909	1	1	1	1
5.00207270588903	9.03686993504053	8.91738524612974	10.6269922395355	11.9867794290428	1	1	1	1
5.09393188212071	3.70426471902133	1.23539413425433	1.84224040130227	0.473001016888229	1	1	1	1
4.20527316525677	5.81509675176929	7.24153793178592	7.22910040883546	7.88567427492546	1	1	1	1
5.25486064021501	5.10414910618243	3.52571395037474	3.31148764959319	3.77010090247075	1	1	1	1
5.00539706373051	7.81909385745075	7.72874825958043	9.49034834399338	8.72641866982263	1	1	1	1
5.09628163504141	8.935831600083	9.2851659931171	10.0460463393188	10.2716092241103	1	1	1	1
6.52876701704462	5.95851557067887	6.47795652306186	6.25844816591657	7.02857177703324	1	1	1	1
5.51604577680456	6.49762775985884	7.45971100079092	8.18392411309886	7.58354007334203	1	1	1	1
3.01999040969786	2.71056009806112	2.00421149126571	0.512090937532997	-0.228050697844881	1	1	1	1
4.93000797332589	5.28118866038646	4.83795396171577	4.20630124533119	3.99581355480826	1	1	1	1
4.9425179990158	7.91973517188264	9.92783040358082	11.5836979136002	13.2205999526282	1	1	1	1
4.48358729754797	8.28398771991914	11.4976697467844	12.2289522413065	14.0151224107355	1	1	1	1
5.05380416370134	5.44521224252396	5.42207831137707	4.95524993679647	5.87420111441901	1	1	1	1
4.80115375243789	4.31513463559491	3.16656131078199	3.25149569904043	2.62497053118417	1	1	1	1
5.80758033420725	5.48077705453016	5.69195365132556	6.18564668625865	4.84781249999833	1	1	1	1
3.69219508158011	4.4418435102622	5.04456157613139	6.00589305533497	5.6454712231502	1	1	1	1
4.91821211824531	4.94413193656669	6.60464382478971	6.09710499514367	7.05062556863113	1	1	1	1
6.57754734957029	8.87304689273341	10.0151394958614	11.0399292948258	10.7733373512387	1	1	1	1
5.10361545738147	4.94339383834187	3.69443194032649	3.86170487014631	3.89012432671865	1	1	1	1
6.57121682323029	4.28959018310994	3.35697469436406	3.16695068783709	2.89420697194326	1	1	1	1
5.61396596421933	7.65762159802272	6.47611403220528	7.60510332714655	7.74536663395327	1	1	1	1
4.68843012562164	2.99679603125865	2.91105328174369	1.78857193154187	1.49126096276728	1	1	1	1
5.03803246349748	6.32628867109521	7.32196683946753	8.1873396391486	8.56603260944649	1	1	1	1
6.0744766957206	6.64962691980393	5.70917668970521	5.60579320705439	5.68904123426984	1	1	1	1
5.66747328758187	4.27963068955242	4.79327827638171	3.5794895925078	3.55303358233893	1	1	1	1
5.64481889989387	4.52036201660109	5.02192990274981	4.60759205884507	4.83332380727238	1	1	1	1
4.26206915959323	5.66103214254966	7.07197751346796	6.93599646805193	8.29921929226403	1	1	1	1
4.22860242252026	2.32383607006998	1.75136042227843	-0.354609616696278	-0.557627079773137	1	1	1	1
5.44479283866767	6.7454382049101	6.83303519516874	7.92007319471339	8.15662863754269	1	1	1	1
4.11015278168624	5.49808273575128	5.96663005002964	6.04780576396208	6.54605844318428	1	1	1	1
8.96377527168004	6.49102046913672	7.51609757552096	6.39383389322673	5.76510846654644	1	1	1	1
3.68302421943687	4.5822043961342	3.68456081783293	3.70164739771774	4.18530163702803	1	1	1	1
6.05754747742345	4.48733785708524	3.51656049583938	1.83128453230662	0.946269948705929	1	1	1	1
4.08474062619075	4.37383418077691	4.80331928486144	5.98190858027257	6.16073948290099	1	1	1	1
5.34701880542899	5.49287645905551	5.59620293558813	5.71710749005479	6.23015496519812	1	1	1	1
5.90668316178696	5.33073862968488	5.95315106963898	5.34365764127649	6.14762806257089	1	1	1	1
4.49228290768145	7.26256702078056	8.34884746277284	10.6980973913257	11.3776367932337	1	1	1	1
7.45812530890217	5.95289054843551	5.77401357827254	5.94054163383193	4.52905528644341	1	1	1	1
2.166356525672	5.66252379099663	6.69142809219888	7.58265986382371	8.50411460563654	1	1	1	1
5.22854385359641	3.32710151365034	2.17872804197405	1.8063548857409	0.896664308272598	1	1	1	1
4.49821534873164	3.4366036820332	1.61549736208754	1.79469658121851	0.593143151013826	1	1	1	1
2.9064978310791	3.67581628614224	3.66924251533063	4.62916457866476	4.02363280581759	1	1	1	1
4.50462535566831	7.62331442598078	8.90942207732287	10.8514219842943	10.0799055918375	1	1	1	1
4.34307857547016	4.36105192155265	4.33178819168675	4.38890033630622	5.22915166210272	1	1	1	1
5.53683541099026	6.61711561837121	6.92070864006562	8.13407320714399	8.79990558673226	1	1	1	1
5.54735598383749	6.35934151653823	7.7278564460369	7.38148793367748	7.14903164140736	1	1	1	1
5.66166429115282	7.18153481026408	6.94300873420439	7.15431563162678	8.04125053390398	1	1	1	1
5.29168947951486	6.83593639694555	5.16520361960317	5.60490760766926	5.93898133131094	1	1	1	1
5.78109469064203	5.42571294167065	5.99520174602792	5.83007451186384	5.87383989605668	1	1	1	1
5.45768312257323	7.67827243504958	9.3899137110891	10.8699951667439	10.5667915408063	1	1	1	1
4.43893637864495	3.22274041507258	4.38348170041083	3.88308140315981	2.6841192402253	1	1	1	1
4.49279225010695	4.53623802372293	4.38576641205352	3.7043739926851	3.43917927635026	1	1	1	1
4.90677132299717	3.33660896311716	2.85382486887283	2.78109408145407	2.12930382093266	1	1	1	1
4.69689911718535	5.40052839649246	5.87216892212584	4.89014490694895	5.62271666622872	1	1	1	1
3.71667567603561	2.99326236740515	3.68792261225339	3.16424613126072	3.76326060618918	1	1	1	1
5.67765416772856	6.38706069124097	6.95502291062617	7.1367498730749	6.93795470148446	1	1	1	1
4.78823678206345	4.28017087861494	4.00486997514445	3.96525752525209	2.83288246164281	1	1	1	1
4.74002603393772	5.22597942725808	5.73587848682556	6.42948360085731	7.5369450362513	1	1	1	1
5.34109084020114	5.95284445844409	5.53514043868795	5.61939231311175	6.0033517642317	1	1	1	1
5.52320077544887	6.54576626288948	7.79225998109291	7.38418996194145	7.83475717307215	1	1	1	1
5.23433660157194	6.35866395202621	6.72915313342584	6.34355137992899	6.12944862885121	1	1	1	1
6.22637876486991	6.88293118855353	7.54887056573467	8.82335113758594	7.96921711927476	1	1	1	1
7.08911591348779	7.34615870290525	7.03119549348773	6.04331214036096	5.90372945511978	1	1	1	1
4.10165534722426	5.17529953978332	5.42788302578578	5.33291699799066	7.04829115145097	1	1	1	1
4.74913890319926	5.84373615871402	6.81313072499086	6.79617418620864	8.16004146873875	1	1	1	1
4.39994156229157	4.02063831490254	4.01640790877799	3.07514277716735	3.16756939154603	1	1	1	1
4.23208122205374	3.65405773204526	3.42731574030004	2.90593573225807	2.75828758901438	1	1	1	1
5.15573253625597	6.03148445921529	5.6404221092298	4.79617689505554	5.67857374746443	1	1	1	1
5.02529563842761	5.27865577646853	6.75713356402507	7.75616348939144	8.20290984841249	1	1	1	1
3.14908107503627	3.66002293755552	2.63352963984855	2.96699025996236	2.6564068551196	1	1	1	1
4.88284121542888	7.68477346408428	8.94288349607154	8.63655822827811	8.88300318656128	1	1	1	1
4.25614455727982	6.55717369152982	8.90438061024696	9.27798582106633	9.77749317792245	1	1	1	1
5.67085867505841	4.00985424279935	4.45896742279837	3.69604846010973	4.98931373225501	1	1	1	1
6.36808923718265	6.63897302921956	6.02498538949687	5.19239504759342	6.11581891066431	1	1	1	1
4.59197887896857	5.44094356867964	6.35710491200824	5.9501094564303	6.9681682824065	1	1	1	1
6.095949424625	4.25807954863345	3.37790273856645	4.34323104002359	4.5715043132373	1	1	1	1
4.84026728943013	6.64121749920226	6.09754873061205	7.21497793487084	6.41506234484629	1	1	1	1
3.19334156433863	4.73818639687939	4.90537349214694	5.03958808531668	3.80119276204674	1	1	1	1
3.72105878291977	5.11613810443608	5.89646741198698	5.11117671658992	6.07671265981214	1	1	1	1
6.09190063258694	8.02777164784264	9.38509895664334	9.64703605886828	10.1950507623859	1	1	1	1
5.16976518415304	7.07873168284465	8.83942987925128	9.4879836096585	10.4431443508918	1	1	1	1
4.93238974321206	5.23991217718292	5.71846654359478	5.86166420327212	6.08873148633125	1	1	1	1
4.93179078990471	5.76127746729713	6.97526259251742	7.89083163291192	7.1945365940119	1	1	1	1
5.59229632138633	5.95345628173803	4.96228254065067	5.3916741297489	5.25230949011862	1	1	1	1
5.4300670395701	7.98159061155359	8.60581716597225	10.4417641655968	10.0914507440923	1	1	1	1
6.37457796420273	8.99379692128569	9.59846579628939	10.7287556157616	11.1320572678735	1	1	1	1
4.64758854635072	3.88069240802229	2.97748296275286	3.21697344208933	2.3194859010755	1	1	1	1
4.00358224926999	5.49749753761699	5.44529566691445	7.14317279375349	6.95487736178431	1	1	1	1
4.45170062660347	4.03786923975838	4.45314174598999	3.90889262296808	5.05138431173598	1	1	1	1
5.42066503816243	2.28935215698252	1.18962205615333	0.195860535146149	-1.53873557993651	1	1	1	1
4.68523520436717	4.94205290849397	4.86194178656211	4.71032264229845	4.50231712126372	1	1	1	1
4.21834649973668	6.61975661826688	8.8398133407162	10.5681358225655	10.7979779978776	1	1	1	1
5.70743506353653	8.36904473393352	10.5123577141224	11.3565266828833	11.641503836973	1	1	1	1
5.45277007201885	3.70405013935003	2.71632627316048	2.2614269653954	0.436312488908929	1	1	1	1
6.19313876162205	4.76463341566632	4.42283139870931	3.97722824186968	4.48700198214782	1	1	1	1
3.82891536354598	5.61644202307289	5.69863408584924	5.98274344425651	7.7263157650196	1	1	1	1
3.57500728395072	4.65475517292064	6.55313150892302	6.24967750397968	6.14328932487293	1	1	1	1
4.61616827498976	7.44299557870067	9.62741534725354	11.2819964897722	12.3376537485406	1	1	1	1
7.29998957451106	6.61903688407762	6.60421670413488	6.3657429930177	5.92329637309033	1	1	1	1
4.65568782704468	6.94235998778887	7.58208622489608	7.55448489210444	8.36650212414175	1	1	1	1
6.94405261451328	6.51268071066558	7.1943723371115	7.55185525960582	7.85998789345919	1	1	1	1
4.69121986766514	7.01962918372306	8.28623479899577	9.92040552347553	10.0526198720717	1	1	1	1
6.12624120911048	9.28161711912733	10.8846444164075	12.6447610324136	13.1456519536309	1	1	1	1
6.20413627630454	5.05021939903639	4.96326703966899	4.82241947596997	4.68228366816459	1	1	1	1
5.72790662691546	10.1398061650719	11.7765512491307	13.3302046696878	14.1792709764852	1	1	1	1
4.75705489686433	4.42452331371676	4.52275026751857	4.52118405062386	4.8717464971357	1	1	1	1
5.6824925913496	5.41199327755688	6.44488419756099	5.95120120493367	5.77504375279623	1	1	1	1
5.26977541209412	4.20124958272945	4.90937360368154	4.6901729674539	3.44195048734746	1	1	1	1
4.30138220538198	4.89104223872677	3.85432914670486	3.928430174045	5.17798980710042	1	1	1	1
4.15023442947468	4.17312203346858	5.09416472728124	4.82689923779542	5.46856105319506	1	1	1	1
2.23664074978505	2.74938532360725	1.44997810077892	2.92928678048266	1.42324104896544	1	1	1	1
5.52325147746844	5.48826402097046	4.28674539698266	3.78266284324336	3.70581987146879	1	1	1	1
5.71238324736254	3.78200127687262	2.80077379691829	1.73242319687684	1.52790956786038	1	1	1	1
4.11363736205152	6.80642004593128	6.16514915880635	7.31176853726304	8.25998679581014	1	1	1	1
6.98733386289943	8.46477505338286	9.07733144311377	10.0601853214644	10.6324684930873	1	1	1	1
5.48616029724942	4.88001860499559	4.54257116190285	4.03329250191996	3.95461657480821	1	1	1	1
4.69351151847543	4.52238614812172	3.70661471929398	4.39222880816533	3.76337473774218	1	1	1	1
4.62165696794633	5.37964551816921	5.32818701155654	5.73750883412806	5.96715653160075	1	1	1	1
5.81305464395822	5.48922730739216	5.85872621532441	5.55007478459347	6.06053939130557	1	1	1	1
3.41062594723135	4.75233556655193	6.17980298929324	6.39507918287878	6.7966504796317	1	1	1	1
5.07907053685257	7.6145989069726	7.36469816938934	9.200284702013	9.66332287220547	1	1	1	1
5.3835016741563	5.2444903671488	4.58479078245775	3.94677818569598	3.81890360968943	1	1	1	1
6.08818240634354	7.60903765860222	9.19827210462964	9.4918633402963	9.61960196478572	1	1	1	1
5.92182230751522	5.47983143655494	5.73351680897497	5.84878887690057	5.70796145784636	1	1	1	1
3.48248810885429	3.43759184827304	3.73754912718599	4.11551416897955	4.16246665877886	1	1	1	1
4.83960924496271	6.13241832918747	5.33572669199707	5.41212656544479	4.39477126225871	1	1	1	1
4.4755410020475	3.25667848640192	3.36906109463594	2.70650632660787	2.04968354497557	1	1	1	1
5.96821909549186	5.85311557113521	6.15727421212369	6.20941252329551	6.24494516196232	1	1	1	1
6.75873162534949	8.14605754167488	8.34315227758171	9.95973883666099	10.4055609460018	1	1	1	1
5.28107961359375	7.47556342623386	8.76011855309222	9.98858239223297	10.4527457463239	1	1	1	1
5.56001399638529	3.86266752486121	2.55784875791129	1.83257862589277	3.04459034547714	1	1	1	1
4.2840429322781	6.88180312218255	9.04319320815134	10.465416441389	11.0463711963294	1	1	1	1
4.34965566700791	5.65722017929236	5.48152504208046	5.58948557466859	5.3352511295463	1	1	1	1
6.12395053226238	4.10657574364842	2.93593899725721	2.60483002806098	1.63265687005816	1	1	1	1
5.01582145743919	4.02712994087177	4.17972396981415	4.2395600927832	3.49603864494645	1	1	1	1
6.91120181912728	8.4259970216311	8.12713535117592	7.18879724413294	8.52734792915683	1	1	1	1
5.94471053261767	6.80395319625582	6.74664868117537	6.96246175875545	7.21810596153175	1	1	1	1
5.53194716104544	4.64427295825935	4.22403823504485	4.09204883907892	5.04761158485804	1	1	1	1
5.74258937965155	6.80843361368354	7.84951017066923	8.11185499067245	9.49470801619725	1	1	1	1
1.69183193363665	3.83877187536124	6.66432356014005	6.53137182398949	6.71570875297057	1	1	1	1
4.04915371750208	5.32849677636405	6.21767214636788	5.84041070346252	5.96487148036537	1	1	1	1
2.98534144288408	4.95125032957987	6.94019314939985	8.80385299114512	8.17623751528751	1	1	1	1
4.28512789727859	3.89971530304233	5.11861842276606	6.27140469212789	6.04398195922413	1	1	1	1
5.56771825417271	7.62700620098235	8.03579378903775	7.64361218748095	9.19930904511665	1	1	1	1
3.2182228434117	3.31200361206515	2.81338150695461	2.34276102954998	1.45611618568871	1	1	1	1
5.80522297439572	5.21044171781705	6.00361484740248	6.76281314183679	6.57190373813676	1	1	1	1
6.39991936773162	5.20324042474666	4.41171665347367	4.71071225462446	3.91227592641224	1	1	1	1
5.05712933315549	8.89624012494647	11.396786208749	12.4867935911814	13.5569907473834	1	1	1	1
7.26114365819535	7.77792566842964	8.14585545589628	8.69136903201421	8.68389155173289	1	1	1	1
5.63647099428799	4.22713649098232	3.85782592511692	2.89829334810532	1.69902350150912	1	1	1	1
5.3574361559903	4.63682319210387	4.32916425498168	3.91604041216845	3.48141945857958	1	1	1	1
4.9616281497082	6.83653918589763	7.19373355583792	6.78308988452765	8.42887292799336	1	1	1	1
4.90527722730296	7.29346188901735	8.86242540072553	8.89442239127122	8.52871238492295	1	1	1	1
5.44678922943664	7.43222848488966	9.4324204391469	11.1447380508874	11.6831658229736	1	1	1	1
5.57620826494182	6.36792940308005	6.66220141286086	7.4355931436623	6.42373114290193	1	1	1	1
4.85645977834081	3.88894492260494	3.4512327668208	2.43401292417297	1.47428072726726	1	1	1	1
5.90268215551726	5.19283823975606	4.14933393095046	4.53331250106885	3.24175619849857	1	1	1	1
5.03100213617827	9.13490440408563	11.1943128649298	14.4248089336817	15.5447210860548	1	1	1	1
4.7067403678142	4.56300047123499	3.45964593462041	3.41956340469532	3.03730156030188	1	1	1	1
5.77206535741409	4.63541753731853	2.93808574517123	2.76871018543366	2.83341752883797	1	1	1	1
7.10574287271989	6.90483343767718	6.88983211009215	8.36382369940573	7.59547993919427	1	1	1	1
4.53530072116318	4.72082749114127	5.13072216942486	5.40634779618015	4.91295500819052	1	1	1	1
6.61253733941408	3.97411997863691	2.49434096700478	2.30948352592428	1.86568392992168	1	1	1	1
4.70546648243505	5.82359596112803	5.64562204568342	6.71307528166342	7.32697058700485	1	1	1	1
2.87910170301716	6.46191047930979	6.59039538919975	7.46965626212804	7.56963134817259	1	1	1	1
5.44353689369504	4.59285023467777	5.33944895658549	6.20932291381832	6.11957946283915	1	1	1	1
5.67812811902252	6.44509312500917	6.71852697188321	7.01288153200861	6.88903095098348	1	1	1	1
4.54041658727555	6.64083042100107	6.56737935707741	8.70746942427105	9.72509700419464	1	1	1	1
3.16080069606982	4.0948363074388	4.11215268632421	3.51252360636792	4.59655543857492	1	1	1	1
4.30174821139442	5.09623511781879	5.24035142890578	5.32245863060612	3.9228739545538	1	1	1	1
4.98180126373228	4.13351600022262	4.49629954604059	3.65350823628496	3.79298953422765	1	1	1	1
3.16701996795729	4.42225664398226	5.74305883076529	6.27963670816254	7.37405748059271	1	1	1	1
4.92249098686955	2.15946093156602	2.15599118164214	1.47464148654619	0.726717411973778	1	1	1	1
5.62589920617314	4.59109424408685	5.47537687089885	4.46644148511947	3.55467499828338	1	1	1	1
3.82089213400077	6.96956076227324	8.5307659565948	10.4871731443863	11.5000998424392	1	1	1	1
4.01906793641577	6.05955156521185	6.91384097358487	8.621006779476	8.729916631515	1	1	1	1
5.35844175500234	4.61457890769449	5.01010046300097	5.58511919583526	6.04005955173901	1	1	1	1
6.12823676863886	7.94698490501306	8.05561255200236	9.3787286859054	10.0774852362093	1	1	1	1
2.90842138182487	3.83069962114704	3.67710177202759	5.15502224807261	4.5579554573315	1	1	1	1
4.54309197083981	4.34424338982738	4.09315686592965	4.00421479772065	4.36760795524042	1	1	1	1
5.4492116611782	6.27577118206438	6.74936585180824	8.04188285570159	7.34347802100714	1	1	1	1
5.38215944637573	6.18282068767556	7.194871189693	6.52512051676143	7.45000216145753	1	1	1	1
6.21236166769741	7.93253851282652	9.74385197775493	9.73083978255666	10.2810145603193	1	1	1	1
3.74502231183881	5.54318359060258	7.52305015083712	7.95964176804216	8.45648434826927	1	1	1	1
4.0873662252483	5.20148932833986	5.36316195833974	5.98403434098899	6.56313654760511	1	1	1	1
4.71284593524307	4.42367993269282	4.43935818418143	4.50961148926972	3.9136578609355	1	1	1	1
5.88822962168642	5.58036585026869	5.07024185845971	4.91918960272911	4.23643680759542	1	1	1	1
3.70098963904407	6.13963661735753	8.26595681049135	7.22596924773017	8.70469031620648	1	1	1	1
5.20509182843119	4.06286781443912	3.32692075231448	3.10410806043666	2.7870627024326	1	1	1	1
4.5197121105543	5.7632700360438	6.94530045789393	8.80445114354357	8.02050212384348	1	1	1	1
4.64302581279316	4.49345777715068	4.54379660848029	4.66575696295351	3.67325229320549	1	1	1	1
5.27654073128547	6.21944082270823	6.69694288286009	6.64227115854146	6.6818493759071	1	1	1	1
4.15988096124547	4.03199545482502	4.88820234864964	4.31161867795967	5.47181441336337	1	1	1	1
5.02191192917505	3.11683758177297	2.17636029944964	1.89936058551262	0.685191673454204	1	1	1	1
5.23651992562349	5.51764229934724	5.19339178477172	5.75571963740692	5.6947573473156	1	1	1	1
3.45779644564169	4.1150437700955	2.85822857816317	1.87194423995892	2.69638872863745	1	1	1	1
4.28121094117204	5.01315779963435	6.12618332531914	6.3456365288454	6.65822437882792	1	1	1	1
3.84417971728761	5.06263427865807	6.04318205072406	6.95196912816131	7.49849936556044	1	1	1	1
5.55348731797302	5.53054945959812	5.30069292448623	4.41721427188824	3.85847233447235	1	1	1	1
4.04720365518607	2.31605841979033	1.37953140714622	0.384779721408626	0.227029638914373	1	1	1	1
6.25546151816155	4.6537423329657	4.04575604697487	2.32501944572154	2.85379630727269	1	1	1	1
6.65265464449974	3.14507281566255	-0.308378634961639	-0.632820620589618	-1.2755194703958	1	1	1	1
4.50002023964475	6.84441692807554	8.24499704218903	9.56223731120508	10.4944832995478	1	1	1	1
3.96103151026353	5.04787603971343	5.92536912578359	5.5375965411696	6.62593443524848	1	1	1	1
5.83447917685814	5.03481444881742	4.34012831237478	3.65119371857319	2.66373656062434	1	1	1	1
5.96240407291355	4.98868240732656	4.47074137846208	4.6803779784246	4.27806324557128	1	1	1	1
4.22726566795424	3.41976586074426	2.96774451264697	3.40192611050407	3.21940709192244	1	1	1	1
5.37962610673239	6.36838479167101	8.16012816513894	9.36289734913676	9.83312266685061	1	1	1	1
4.6365174664569	5.39817732128356	4.25620023221162	3.84762522151564	3.52510217821427	1	1	1	1
3.49955464622819	4.73487771465082	5.85761289773548	5.88381436005873	5.91917316964349	1	1	1	1
5.14149274558291	4.76229493511732	4.14270513882754	4.14334467278973	3.59850419730002	1	1	1	1
4.59916847091454	4.23857084756874	3.80400924665451	2.79058066775276	3.3455823649439	1	1	1	1
7.09036399719824	6.43390584759019	6.21737117584196	5.90104314503906	5.86259546340503	1	1	1	1
5.3703502805573	6.71708015222487	8.37688597272582	9.53714416771204	10.4246629960115	1	1	1	1
4.44253649034558	3.39622400838789	3.92672642041745	2.92700210236149	2.7152074898663	1	1	1	1
5.86871996587627	4.47783415537678	3.97199242434051	3.82821876549417	2.5209428785721	1	1	1	1
3.6954405119926	3.85872190613261	4.44845086907383	3.64660443544742	3.62207589397216	1	1	1	1
6.36847826331967	9.69192429307991	12.1659162900252	12.4646549476096	14.3735267548121	1	1	1	1
5.98111914467267	5.82761631588347	5.46294793999186	5.23804204856314	5.65956245779157	1	1	1	1
5.05422612511004	6.23567134073642	5.7189610989071	6.37643106562361	6.46812614819406	1	1	1	1
5.20516718029489	4.98734649442619	5.92117674280372	5.29757751991804	5.70559846755581	1	1	1	1
5.13978231308295	5.90298489552973	7.67182277969701	8.45950308128515	8.95687667142305	1	1	1	1
3.98622542345242	4.40381596407272	6.69563821041988	7.32669647414456	7.50495435758838	1	1	1	1
6.49305714104992	6.55369227073832	6.68740493943281	6.10860910064775	5.8320258742172	1	1	1	1
4.3043179738348	6.37005698436051	6.80257605575512	7.99864242307992	9.06773069751653	1	1	1	1
5.29972144081586	5.98828467061959	6.79449532049646	6.7662553535142	7.22685183852382	1	1	1	1
4.68335349361909	7.34226581339721	9.23169884539018	9.98859070023469	11.4128045447726	1	1	1	1
3.76089461482242	4.65399586644371	5.27209292510142	5.42440577514041	5.99156658740584	1	1	1	1
4.86790158029933	5.00513448647926	4.82626380169833	4.82109259535692	4.5269719376248	1	1	1	1
4.76165362799499	5.97538913693669	7.75762976867707	8.36284791291004	9.2955187510283	1	1	1	1
4.56566630785419	6.92684432509953	7.3772543327398	8.37111789133612	8.44558215100626	1	1	1	1
7.39915193030746	6.51537336357929	5.64064313063665	4.48483415730106	4.29954132976943	1	1	1	1
5.10489483538442	4.75379801450109	4.67798004707138	4.88943651696784	4.9131495815596	1	1	1	1
3.47217965944962	5.70797741756185	6.65144336181506	8.06817502948904	8.13074027348455	1	1	1	1
4.02225355107199	3.97939066006304	3.52872160703101	3.26677989952865	2.82321793947237	1	1	1	1
4.16578274997043	4.25355710403545	4.54369603960406	3.44007813326679	4.48978843455494	1	1	1	1
5.68900346119844	5.71820634763204	6.10431913085654	6.45574185253672	7.21948583576565	1	1	1	1
6.28364161888797	4.67857567926879	3.85289610839634	3.63943122171168	4.31663529937393	1	1	1	1
6.46179100450314	6.13895242826338	4.03610773888574	5.12913587580372	5.49519674185773	1	1	1	1
3.96480549842061	4.29957857324341	5.15067715295126	4.2814760008406	5.12825172266799	1	1	1	1
6.79073940415936	5.4857350716013	4.59000030026585	4.09101584757444	3.38536690239086	1	1	1	1
6.22230953824138	5.59165849009215	5.223550661465	4.9691433741158	5.3299979624355	1	1	1	1
4.70351455922613	5.4096633757466	5.78729418212528	5.87914953376936	5.0065863987468	1	1	1	1
6.39433231548009	6.7646582319527	8.57408970769493	9.84163901730573	10.0225678751053	1	1	1	1
5.91812368352054	5.99372153130244	5.45397161556589	7.1304911504379	7.05953346796587	1	1	1	1
4.6662879890837	5.02260361294968	5.02304072692112	6.22871554196711	5.3933292625664	1	1	1	1
4.54408851799126	2.9691735387593	3.48435448558009	2.74089905619159	2.84221780150961	1	1	1	1
5.92534575152043	6.85478047527654	7.49740727185272	7.69143113293118	8.96418882291657	1	1	1	1
4.2925127706004	4.4560250438887	5.07828808090934	5.08462035427903	5.37869377988286	1	1	1	1
6.57562204581689	5.75557067016522	5.3741479117698	5.07357422533216	4.49885993659768	1	1	1	1
4.82207702485996	4.38736003292991	3.62361955337263	3.22809254879376	2.71172337267396	1	1	1	1
2.13695850678831	4.53929302979001	6.03190761990265	5.56390439211192	6.10780678542465	1	1	1	1
3.22247591051528	2.57976834062855	1.96354226685151	2.27312934653303	1.03477567680765	1	1	1	1
5.252873533032	5.95649198504972	7.36494008697305	7.46131366595483	7.51570104315973	1	1	1	1
3.11579710059905	4.15442035978654	6.17797658749036	5.62240029852774	6.61508111492764	1	1	1	1
4.76478977498765	6.36911600505326	5.96442128914558	6.97235760377407	7.56423887031655	1	1	1	1
4.35031454092886	2.95193089790538	2.93865653307606	2.82914632901155	3.38838667717769	1	1	1	1
3.97005815640832	3.45322062744667	2.80989581634233	3.25612470787997	3.12275095441925	1	1	1	1
7.31241863032737	8.3250505812654	9.50637564367218	10.1151082128708	10.9061733003906	1	1	1	1
5.48038424038172	6.35484594053837	7.19514777008298	7.90994324323433	6.86494168139037	1	1	1	1
5.81997269941656	2.88962682476133	1.37551212982983	0.326107902182076	-0.330856237746557	1	1	1	1
5.74864648760376	4.77350964108612	4.17457975070639	4.57193776224439	3.78927608680247	1	1	1	1
3.95983241521187	4.97385148580815	4.5619957205498	4.66916723181684	5.16681668925886	1	1	1	1
4.83817289024919	7.49407509328152	9.16982774410796	10.5742596128371	11.3817250556101	1	1	1	1
5.66614938881212	4.5257410829168	4.57495315911447	3.23853758064061	2.98717462655509	1	1	1	1
3.4545967099688	5.24538691075445	6.24797599985491	7.22727645614443	7.93378549871129	1	1	1	1
4.24629228074171	6.59734442350774	6.78937935746611	6.35030723892585	7.71120328415182	1	1	1	1
2.09268564008916	3.14467519798047	3.84327118667038	3.92079436703733	3.66299485583749	1	1	1	1
7.04457141102538	6.38214250597948	5.5943542726941	6.36192949490886	5.68169513633299	1	1	1	1
4.6677365789018	5.88743728102193	5.06129186516016	4.28286707273551	4.49620078341605	1	1	1	1
2.828402128849	3.77200833856232	4.55304138895279	4.5448277062023	4.61290751557122	1	1	1	1
3.19996055351603	6.73732868983699	8.83569709180951	9.01904709679868	9.71182340723274	1	1	1	1
3.97293434870125	3.60437235007713	1.13002501279307	-0.159742988018761	-1.1196964981132	1	1	1	1
4.20191312386338	5.3759186622331	7.02482648401385	7.48385929177549	7.76613553355905	1	1	1	1
5.52176016374124	3.48183757926288	0.777483993025065	0.414921162344349	-0.356533286681749	1	1	1	1
4.86653603924014	7.78659165128879	9.94819211382323	10.5918274139424	11.5678794760951	1	1	1	1
4.93509729886588	6.90449466409438	7.75756057204814	8.97625700254916	9.35980788423284	1	1	1	1
4.51298438872272	4.94410476069464	4.84239196298846	4.52816714203864	4.73207437869576	1	1	1	1
4.1863073450209	4.93337181989456	5.8694702972129	5.64620791342935	5.78815844108292	1	1	1	1
5.37007815219618	4.48249651708923	4.57857104421954	3.28679294159732	4.21179021154088	1	1	1	1
3.66872714892138	3.78162981958561	4.10188706184116	4.36959779294673	4.78238605254369	1	1	1	1
5.43590912951833	7.01788525012506	6.55287862799192	6.46976083137256	7.04252532835568	1	1	1	1
5.09863647552191	6.42885429529	6.11462625857103	6.64542644030088	6.26367344978202	1	1	1	1
5.80403406568896	5.3656574945909	5.42499793931325	6.19582755872664	5.52353524566862	1	1	1	1
6.26712301570103	5.04187427379447	5.79113732982918	7.08615352688099	6.53201942737917	1	1	1	1
4.08978882505494	3.61012450754775	4.35109074278187	3.90838848509974	4.5194174097715	1	1	1	1
5.57172549192638	6.61854862179592	7.75743908987296	8.48213640182015	9.30614378296715	1	1	1	1
4.6753525882897	7.71984307901625	9.01027825180034	10.4097297480786	11.5663097238305	1	1	1	1
4.59088861218359	6.43759953674566	7.5965746574414	8.89244634207886	8.96268126296724	1	1	1	1
6.88723354556891	6.41405569858406	6.96041256261824	7.47074045960041	6.84667544955877	1	1	1	1
4.57580765456322	6.05002614348348	6.29611458247676	7.46513906294452	7.77716463553456	1	1	1	1
5.71101730055372	6.70422064185012	8.12642197533079	8.52177004682166	9.3688256947882	1	1	1	1
4.32678786485591	6.59974807071279	6.99812207809842	8.25289603991681	7.91500722937101	1	1	1	1
5.92474767338139	5.01124710193121	3.86662198371919	3.76574568161315	3.49357039241069	1	1	1	1
6.99871656148165	7.29460183344309	6.06005005088104	6.33169287269808	5.78122505637933	1	1	1	1
3.78450424426816	4.23914361031888	3.68136004423401	3.93511229348942	4.68938589270315	1	1	1	1
5.39117450315552	7.35827132831117	8.19237235266234	9.42813773485954	9.94979739173776	1	1	1	1
5.86776611541576	6.74980539161585	6.98426004014251	5.87520267135453	7.46469804119234	1	1	1	1
5.36004123497466	4.37054118369958	3.75920466559081	2.20668913475482	2.11697934698192	1	1	1	1
4.64918242344614	7.09706200318113	8.23116453502735	8.49274746905258	9.86951457631406	1	1	1	1
5.39905778319508	5.78722355435263	6.03403748855354	5.15965616276136	5.9054467819756	1	1	1	1
5.70386520861762	5.09740725196594	5.78846310020068	5.59131828517729	4.26886162728573	1	1	1	1
5.32969522177724	3.39736073652198	3.27393026832264	2.5672046302214	2.4837514334568	1	1	1	1
4.90231618955304	3.26893328681404	2.18821140751585	1.70847327202321	0.93863848150312	1	1	1	1
6.46054001881455	7.99811511410668	7.94807145991126	9.36989173436381	10.0317419449567	1	1	1	1
7.09381655840295	6.34474532602914	6.16472162073134	5.73969665277039	6.32191689104098	1	1	1	1
4.3839098512177	7.76835244278118	8.98604646290592	10.8699079015924	12.6421275704425	1	1	1	1
5.68320252791482	8.04467486173943	9.14012597606885	10.2519942574573	10.1294941455018	1	1	1	1
3.17915969451324	6.41390488801273	8.70880007340327	10.9029544548978	11.1782807434376	1	1	1	1
6.11844202696908	4.97648020376473	4.21712474835772	3.51634616728474	2.46910837508434	1	1	1	1
7.72140420768839	8.29844049968395	6.83326137267439	7.71325934570551	7.09800953079397	1	1	1	1
5.62702448652222	6.65080099283714	7.36077312158028	8.38490500697466	8.34481350591417	1	1	1	1
5.4407181955853	6.38452220591511	6.72850189383884	5.94392708471001	6.35759635003925	1	1	1	1
5.87214432092822	5.31926724224091	4.76246585977464	4.34936934067497	3.83732280812692	1	1	1	1
1.18643946552186	3.43304864298097	5.54550873855375	6.00304870018605	6.31594522827766	1	1	1	1
5.41368307081884	7.6988827492563	7.54310878431736	6.96467441439611	7.69924772427844	1	1	1	1
4.39634973502306	5.44018145768755	7.67303040780473	8.26926453136264	8.23254570374307	1	1	1	1
3.36566960599322	2.55469831789645	2.26777397133668	2.04285890633684	2.11835836114799	1	1	1	1
4.47466861691107	5.47650172953996	6.07253670681408	6.61873244928204	6.64664056875575	1	1	1	1
4.63958484033664	5.46350104560699	4.29077431268358	4.93342054446265	4.22991642940617	1	1	1	1
5.8806435750628	5.31963860025315	2.96810424561218	2.18906159901917	2.01609400159314	1	1	1	1
5.44220855090659	5.28111398216174	5.29250316464592	5.2554413073263	6.20236755801001	1	1	1	1
5.15040520407392	5.93621937595716	7.70763670464976	8.01201838606268	8.27316672376113	1	1	1	1
4.94934757044415	7.06085554172256	8.84483090534208	9.10522322006167	9.50418125263394	1	1	1	1
5.72626401877151	4.19236734351137	3.97223132975814	3.5512773944383	2.7127076722415	1	1	1	1
5.45705180416246	2.43206807302247	1.67202107643431	0.317857445657357	-1.08280581444565	1	1	1	1
4.31183695936306	5.726335219685	6.07424129835869	6.62319311598992	6.92157408892854	1	1	1	1
4.53294795272961	7.10920933013321	8.63889520181077	8.77495779145637	8.88330152427273	1	1	1	1
3.61166217659494	7.22217351226308	10.2382519486851	11.4125932459807	12.0413484987641	1	1	1	1
5.06475668721357	3.86982622412896	4.58736770854386	4.04180012438144	4.1459755305013	1	1	1	1
4.16699118167954	3.63017894326448	2.63242368872611	2.25278202734517	2.85098033868474	1	1	1	1
4.58082524400119	4.99371374306	5.07162714864904	5.50716348215862	5.95198119481438	1	1	1	1
5.55411968665412	4.97185274140793	5.64271244636328	4.93046055832378	5.00336034015543	1	1	1	1
4.51652691916031	4.78114142157228	4.10104704892069	4.64485781937011	4.33150660846285	1	1	1	1
5.18416554174742	7.83850242218872	10.0241785602526	12.5269946135569	13.1084177413097	1	1	1	1
4.8041036000356	4.21547294149707	3.36215119029629	3.21508712583394	2.53483205959298	1	1	1	1
7.16430924999162	6.3291062724151	7.18724824615421	5.60215474405807	5.68446935032736	1	1	1	1
4.94298502802379	5.47502867580673	6.69233189770823	7.24033534351105	7.32879415455232	1	1	1	1
5.70035176246458	7.29252402039835	9.17781947777842	8.99031464443784	9.8669704332231	1	1	1	1
4.72651484094973	3.72543356132971	3.96311599061283	4.70536909851224	4.2320939999395	1	1	1	1
5.76675312508934	6.83818895324152	7.7628650435569	7.74818654751338	8.49437774714011	1	1	1	1
4.11267464406381	5.6349573857132	6.75628177190849	7.32243536176979	7.256877173618	1	1	1	1
4.03811557010492	5.82394170051545	8.13091213024357	8.9177209174746	9.95451076838999	1	1	1	1
5.63743769730518	6.70274669454983	7.9459979862665	8.76939286628263	8.440172989397	1	1	1	1
3.60810973965316	3.08744725295369	3.79054387700001	2.66323900836525	3.23398583676519	1	1	1	1
5.96368835340136	6.14076380148092	4.04633098362315	4.11877357833073	4.21082436575655	1	1	1	1
4.60079150875431	3.67511161425886	4.52321087024529	3.22426170245347	3.20465673268935	1	1	1	1
4.07308657219992	3.24483871662763	1.97856625445136	2.12228773562248	2.34051966561371	1	1	1	1
5.74215048234496	5.62034705362216	4.82754806226886	4.97921786647954	4.58382526859425	1	1	1	1
6.78089643461222	8.58825146510739	9.12147370745089	9.68964652620365	10.360794990976	1	1	1	1
5.71261953742953	5.21713804164968	5.6978696773225	5.23719339861399	4.94802109365052	1	1	1	1
5.64243892746239	5.07384766198495	5.81632254765519	5.55563028190409	6.24458840339448	1	1	1	1
4.26389273108467	5.20342515279147	5.59723190995162	5.27334033383203	6.37943814042572	1	1	1	1
3.15137546166405	5.42842396806228	6.99309735135045	7.9302237941452	8.17360296451445	1	1	1	1
5.0824980318109	3.27351626396748	2.18891567056702	0.548985744576973	0.427698496988831	1	1	1	1
6.75961073947969	9.0808049542097	10.0181732187136	11.2251828396532	12.4022117772177	1	1	1	1
4.15484563088159	4.84647082194039	5.39440182984108	5.88984151878699	6.36553508326346	1	1	1	1
6.17913062848783	6.30935645145777	7.68032818707383	8.21581900215392	7.77959553445119	1	1	1	1
5.06608657375453	7.17973272963775	8.18026155610811	9.44719977281465	9.99450606718555	1	1	1	1
3.89417134235608	1.57039441699124	-0.902789337118754	-1.84464633791923	-2.4700147206909	1	1	1	1
3.64728435218001	4.39761032444974	4.62972130362216	4.59692000848335	3.77511891291808	1	1	1	1
6.95399525094952	6.66756127974646	7.43697488864104	8.78845400475291	8.52363374004942	1	1	1	1
5.03889585358389	5.85605338048837	6.20948887442123	4.88367837030702	5.00952675620655	1	1	1	1
6.03387568571147	4.66138809635328	4.28862920674049	4.36701291565041	4.91979714676102	1	1	1	1
6.71533791994434	4.40411319074942	2.80861474498486	1.9321481631218	0.883150726394552	1	1	1	1
5.99579910404642	5.69590253498019	4.95288154612781	5.02499175054088	5.56417943382466	1	1	1	1
7.00200854892483	7.98454833201974	10.7379805957152	10.1236544567471	11.4254437660223	1	1	1	1
4.26931430978695	4.85499320189502	5.11261428839585	5.17929678322641	5.54574643275763	1	1	1	1
3.56759082736722	4.34651261569962	3.37134794463481	4.79250512684551	3.78653203315588	1	1	1	1
5.81162187336035	5.37389519993441	4.55327355633146	4.41669213821229	4.38782940855029	1	1	1	1
2.87052091411442	3.89581290030597	3.89652063303455	5.65211527432531	6.06780716464958	1	1	1	1
5.572851515779	4.7274649268568	6.19560038533351	7.11213274335522	6.93174226727014	1	1	1	1
6.99933281800636	10.1217124147148	11.7135814056879	12.9511826117205	13.4059639005844	1	1	1	1
4.25175193214529	5.98150707036616	6.50289780370794	5.7061179514455	6.72109039581102	1	1	1	1
5.04975710224745	7.09989443458182	7.85498651454454	8.99433120751323	9.37064914481782	1	1	1	1
2.9358239224075	4.43739259728524	5.71645349490568	5.95835129241567	7.19546338657105	1	1	1	1
7.05468281980805	6.01891197385112	6.58617660208151	6.6626733741078	6.5162732914863	1	1	1	1
5.31305261344791	2.42371382719279	0.473191850220144	-1.23097161941635	-1.17132329332653	1	1	1	1
5.07382809012512	4.3141878705827	4.21512541525482	4.4433163436589	3.62165687613496	1	1	1	1
5.91692683977865	7.10567472716222	7.65323621249507	7.97830787426552	8.19003235817114	1	1	1	1
3.57049570639462	3.26691422373093	4.35679857864479	2.6041517929143	2.81004083148429	1	1	1	1
4.76591505570569	4.59184793245722	6.16146436000379	5.78618551086505	4.75896402051986	1	1	1	1
5.61571284536763	6.37068516661898	6.93604735444285	7.15667867094665	7.22885854660189	1	1	1	1
5.26250780917632	6.34353582131478	6.99903816363514	7.69581272625522	7.81838714748288	1	1	1	1
5.71982609464046	4.98351742633158	3.13593748709494	2.64063770154333	2.39151553240746	1	1	1	1
5.75465314233046	6.46885009510203	8.42595586861996	8.42222831876664	9.16627381065334	1	1	1	1
3.57290137449935	6.09260758621179	8.10002795880607	7.76697822852177	7.78198727547357	1	1	1	1
4.05214884258571	6.02842718165695	7.31357047234565	8.87504085417985	8.75893925544623	1	1	1	1
4.6486225471911	5.93457150967696	5.83000906309192	6.11255076487302	6.15338098039178	1	1	1	1
4.605367637761	5.8662249999223	7.82829098863828	9.26186422793152	9.69961142328045	1	1	1	1
4.864808339857	3.96923949377479	3.87624220360234	3.82419339538063	3.05438790250481	1	1	1	1
5.18870195951431	4.85078973956943	4.68659139941863	3.63430797344212	3.54732873078074	1	1	1	1
6.2251781817936	6.31531846915253	5.94731573803831	6.99082645850486	6.27274969402565	1	1	1	1
6.12519015478467	6.38827423628217	7.22486805261576	7.81489032762502	8.46365815266682	1	1	1	1
3.98135438700473	4.67572611183044	6.1127851171951	7.22921262283471	7.08201739238289	1	1	1	1
6.50200419253889	4.60631893600453	3.08930434699027	1.10886733692906	0.310362160829093	1	1	1	1
2.9647227747103	5.50868615253264	7.33179345686318	8.89748794142488	9.56615530765015	1	1	1	1
4.48793763026503	5.89703337974082	5.94122761476377	6.57696154536534	7.43995681636985	1	1	1	1
6.21295813756518	5.80142087136891	6.41903004666363	6.61553210563744	6.65072918579454	1	1	1	1
3.97426742218824	7.56681679389676	9.99711394458012	12.0476173457293	13.6034386419371	1	1	1	1
5.57965646137783	6.67148079574311	7.79745058661875	7.89491627026078	7.82305055489215	1	1	1	1
4.48028357712909	5.43139338467967	5.95071376290471	5.92452028010122	5.40373238279063	1	1	1	1
5.31267102765083	4.69039736504428	4.44918995250066	3.63725425804232	3.69779362585839	1	1	1	1
4.79808360002252	7.17862830822336	8.10970677349543	9.70427465396176	10.1597658182136	1	1	1	1
4.17869138910437	6.34123493737671	7.86351527444884	8.55455723898297	9.99168073907718	1	1	1	1
5.94847870077645	4.21104275552371	2.75397723814724	2.7670913951472	2.63900863992505	1	1	1	1
5.90041403107469	6.8213949107249	8.33205556658815	8.14919818044698	9.77344842886473	1	1	1	1
4.86075166523786	3.89923939441526	3.49974062590198	2.32654385040767	2.3720993448176	1	1	1	1
6.41058145217068	6.75282191515561	7.0274237749305	6.16817308667242	6.19386219594609	1	1	1	1
4.67566608906658	4.86221421663845	5.55687792751802	5.65586645719472	6.69753378243002	1	1	1	1
5.10753174420722	7.69268648757207	8.34288418898811	11.421745783433	11.9921219220137	1	1	1	1
5.50758810458491	5.43025490115999	6.32444121138162	6.86190044741693	5.29975142351997	1	1	1	1
4.12139569653561	7.1361477887006	8.59210117821876	9.55577945631679	10.4839652370699	1	1	1	1
4.75663476156495	2.54017703857114	1.31274889628588	0.826982946737842	-0.0386896981019069	1	1	1	1
6.10594553267761	5.69444566128188	5.10260459475084	4.5291188871067	3.86231990217578	1	1	1	1
6.01079628720803	6.23611845495649	7.19968574776251	7.13495424469718	6.73862322423652	1	1	1	1
6.16037338521759	4.74338022583455	2.66770611935674	2.57800822296829	1.52377810414733	1	1	1	1
4.36734045119912	5.56588474415314	6.52279705978965	6.48972335688938	7.16197992268024	1	1	1	1
7.12860673074501	8.73349539360332	10.621093927824	10.9889765851417	12.3088153577786	1	1	1	1
5.32002833509882	5.13198565644914	5.20681255137624	6.43209621898464	6.03212226580055	1	1	1	1
3.41444442041149	4.36490306101283	6.14219841300018	6.4089957135133	7.9266154351129	1	1	1	1
3.99723036488919	6.12446967512239	6.62517263212492	6.72227699582777	8.20995452045489	1	1	1	1
4.34694372513212	2.37371552043003	3.99246954058522	3.11820271143351	3.45710428202484	1	1	1	1
3.30958772658978	5.4162235905286	6.12568030788601	7.05357404203005	8.29899655504347	1	1	1	1
5.25493340570619	6.20930899842278	8.51961986099692	9.58835218431093	10.3096144579057	1	1	1	1
5.42388902430608	4.67599771051029	4.36264713412605	3.15526881419308	2.99693574384213	1	1	1	1
4.2882765775907	3.27663823852476	1.58555030044161	1.72559380097221	0.534957792842597	1	1	1	1
4.85211717574741	5.87312559701366	4.9400242878742	6.47715881241606	6.85668403613043	1	1	1	1
4.92865792161819	4.75071778037808	3.32743692685384	4.02901056321892	4.93828371776506	1	1	1	1
5.06189752394535	4.99619696896882	5.31172641817045	4.10870360355354	4.37128357100515	1	1	1	1
6.22395357617538	5.94666026755767	5.49583834502916	6.37302835844444	7.37670131338762	1	1	1	1
6.53266548236874	7.66841787224398	8.1337072685106	8.11449266989566	9.39328258292181	1	1	1	1
4.73700840730733	5.20690792484463	6.09050003181966	5.90981933116926	5.90432062889485	1	1	1	1
4.13580648613017	8.2986240759064	9.50247788803729	11.3218822898341	12.1390121205033	1	1	1	1
5.1507255357638	5.54290316783086	6.74539891726826	6.8814080389141	6.77707281475814	1	1	1	1
5.09784251404993	6.38702133468285	7.68261077616886	8.41104091640244	9.04803206231684	1	1	1	1
4.03892895900912	5.89041818277013	7.58034170480753	8.17226041460635	8.9106115167559	1	1	1	1
5.71015008794043	5.60191420030268	5.77930311481148	5.23684961357413	5.48725245874104	1	1	1	1
4.53653321130707	5.19956123944945	5.80408832034894	6.05461281699289	5.28271500661038	1	1	1	1
4.15247063386525	6.55160631451134	9.16958220315269	10.4203274635029	11.1892310150545	1	1	1	1
4.74231829265157	6.1945245104526	7.49958921728139	7.6838294884168	8.59451969781374	1	1	1	1
4.82475206056746	7.02253399606078	8.48358353527714	8.51175501090743	9.13119525242734	1	1	1	1
3.95879217472405	6.04139713243274	7.50177666608047	8.95649812411421	10.056999201391	1	1	1	1
5.94241854157822	6.90497226661846	6.96617420210761	6.96782940107363	7.71953680217763	1	1	1	1
5.05130546535979	7.09453347180853	7.13405363391547	7.79769567150865	7.99010459415874	1	1	1	1
3.81443504135906	6.92263326495116	7.1691427373835	7.79781532755876	9.6760490681901	1	1	1	1
3.47059750228771	5.50575862782253	6.26403970929892	7.40418622420702	7.47264878869337	1	1	1	1
4.91758448671597	9.50320384939228	12.2928962668973	14.7012217506093	15.2624901395481	1	1	1	1
6.09472082008835	9.04444442123173	11.7154878394041	13.1442343993827	13.4664029561962	1	1	1	1
6.73277948487185	6.4863831937048	6.1971257131598	6.55680687718348	6.95396947434984	1	1	1	1
4.14084607143453	6.16596729169588	4.23445453979669	5.55068141791699	5.09399295407703	1	1	1	1
4.75121174245221	3.7685915473319	3.2656753304349	3.12724964958875	2.98480142892794	1	1	1	1
6.19036411755455	6.20628136226565	7.44170613637936	7.11862378720044	7.95666208345023	1	1	1	1
4.73195372535579	5.43954060534418	6.1839430312432	4.87408689869828	6.48149064668523	1	1	1	1
5.76684568014355	7.45651824431663	6.99350370337466	8.77602452275122	8.73271074163009	1	1	1	1
3.97808042498153	6.35013595358801	6.54489017238995	7.49767697200465	7.0190879688147	1	1	1	1
3.80562274769729	6.45570467679937	7.16358889568979	8.84826498031701	9.68595042459589	1	1	1	1
5.8557372725088	5.93454255909345	5.94339820593446	7.05606837231203	6.60031588673553	1	1	1	1
6.66943183499687	6.6049632820991	6.28043591400797	6.57249969447352	5.31887921101319	1	1	1	1
4.77102459990387	5.21415199923138	5.68202230278088	5.6804155128838	5.82461851423696	1	1	1	1
3.80938011891471	7.05150832371804	8.36195450405909	8.54641239304563	9.55561553735093	1	1	1	1
3.7881940177311	2.75873080627015	2.85305442011922	2.19184778779173	1.97960415240728	1	1	1	1
3.85850804358663	6.56175746189118	6.74880888987811	8.48922728882695	9.10894008446813	1	1	1	1
5.02519449378035	4.65857179808105	4.14985827309862	3.52171763941111	4.67975508295378	1	1	1	1
6.33094357926975	6.25146865292935	7.41865268370405	8.03424577512386	8.45660846243062	1	1	1	1
4.8854116445476	5.55551110986047	4.29036821073823	4.60277288141897	4.06530192097151	1	1	1	1
6.68519791467807	6.50591093618797	5.71256188138211	4.85159526885419	5.24258489828408	1	1	1	1
5.46256807546755	7.42864423412554	8.11650936773754	8.13314301390874	9.08476845859728	1	1	1	1
5.48474076047731	7.26175621292202	9.54212161610497	10.0073386875409	11.1623303843065	1	1	1	1
4.87781417181673	6.32832323631883	5.97068437620516	7.06650978398587	6.87195391299746	1	1	1	1
3.27978273600663	5.22089320371006	6.45441661903	7.0811847070571	6.96032653593991	1	1	1	1
4.45763212495088	5.72226139322478	5.12470779139184	4.82257766579098	5.18253725087707	1	1	1	1
4.38289462261996	8.0216647484832	9.86029257238663	11.1844711478658	11.6537072839773	1	1	1	1
3.6144956678946	5.67381548465272	6.35038764593216	6.97907826961201	7.56751299295825	1	1	1	1
3.53685933927026	3.36448007687248	2.19851289856501	1.62495525386872	1.8940107047109	1	1	1	1
6.00840428050978	8.67188737183639	10.0536967775343	10.9491980966843	11.0704265719749	1	1	1	1
4.34907275981047	6.62773984870082	8.23732614402845	8.9521053213185	9.30872054295001	1	1	1	1
2.77521846840744	4.58576627374692	5.68657025352843	6.84658727149855	7.14615767141391	1	1	1	1
4.6354769238385	1.37892774593861	-0.00681010366789139	-1.73974528525738	-2.1887289529885	1	1	1	1
5.64733646464332	5.64979226496424	6.54451389885258	6.83737988569311	6.70232639005349	1	1	1	1
6.19390977385866	5.06097533157918	4.28610159369346	3.74941186404953	4.16166907939611	1	1	1	1
5.21328756314619	5.514483536554	4.2163806391995	4.16296522343091	3.84086018766883	1	1	1	1
4.65167934700175	6.21387419965784	6.68248002266095	7.78495201193771	6.72440751287255	1	1	1	1
4.37273081650061	3.9888033954065	3.70268134935792	3.08720744085128	3.11064393401946	1	1	1	1
4.38407194490847	4.98424875577618	5.89306159147339	6.18270901035198	6.48110511855356	1	1	1	1
4.95348663132792	4.42472014428792	3.24595342328747	3.20834479942716	3.10273571673035	1	1	1	1
4.8652808520915	4.82980180722461	5.47595251830025	5.47660542417506	5.92186181299839	1	1	1	1
6.27956927442354	5.93932204502954	6.21498487318602	7.13261933641417	6.92751343003314	1	1	1	1
4.62665059428425	6.02354786915187	6.43594310151545	6.81594214905063	7.06909680002601	1	1	1	1
5.11443954642847	6.58037168758447	6.24011044362272	6.34931709126824	6.52289645920307	1	1	1	1
4.23423206304625	3.93662657333622	3.03256754623636	2.85230753956352	2.26243788594224	1	1	1	1
5.12450165857203	5.5532787378948	5.20714843134608	5.42174759043227	5.4072163694987	1	1	1	1
5.7297881148828	5.80454635924443	6.45870185971325	6.8204507956106	6.97098575796592	1	1	1	1
5.55678686013145	7.07557720528392	8.83678869285419	9.71411601892047	11.0739020417806	1	1	1	1
5.1395115460834	6.15184500027088	5.3543245317751	6.21670715585521	6.31616475066684	1	1	1	1
4.9899977351071	7.15363015380261	9.20458951381723	9.70706424827846	11.2483535715299	1	1	1	1
6.07692162621617	3.90715013920036	1.6316716968256	0.934446179728244	1.79399751038781	1	1	1	1
5.31124230700541	3.71593960168492	4.48864901194212	3.94435876186598	3.341261266553	1	1	1	1
5.86713886349386	3.50145555348221	2.18807424536501	2.37347766151409	1.56178034861296	1	1	1	1
5.65070084126444	5.63437935392968	6.81561013602664	6.5610628846458	6.57014797133506	1	1	1	1
6.65149830228582	6.88828223084346	7.8819542125166	7.91028616710585	7.9345642406251	1	1	1	1
5.62356332103577	6.38792745364377	6.43026706181165	5.79009282087304	6.80870965767994	1	1	1	1
5.46014272210263	7.4800819662816	7.99191003614005	8.91388030564672	9.9245264965093	1	1	1	1
7.16765672186993	7.50010495885761	8.4170019932754	9.50401159215764	10.0861022573407	1	1	1	1
5.00322165201663	2.63800963305538	1.80291131184956	0.618832961486411	0.310898375727311	1	1	1	1
5.37383021942705	4.64537301755326	5.34007489663107	5.05386027180762	4.41518350834705	1	1	1	1
4.55771446889584	7.04218940646452	10.2427152119151	11.1799938153763	11.6911841669991	1	1	1	1
7.17856180197041	8.50298167923491	8.53293957740064	9.44270373063885	10.6745355747296	1	1	1	1
4.82479903489461	4.69866935802342	4.34207160884581	4.95386589526088	4.76845390092762	1	1	1	1
4.52769889269772	3.82498529638594	3.04497344857378	2.47997415172054	2.44594886612715	1	1	1	1
7.54365491965076	5.19143169726459	4.99687041376402	4.93153322973866	5.50850404893436	1	1	1	1
4.56276664658742	6.88352933458074	9.99810200091898	9.9757533150014	10.7525736159452	1	1	1	1
4.36452483331606	3.24515267196487	2.66497981985022	2.10616982183789	1.88356932614238	1	1	1	1
4.28055811103201	6.17769955104289	6.12291623875674	6.61558217073456	6.88398714814492	1	1	1	1
3.37391336615314	5.12932962499385	4.18728943901874	4.40988482096988	4.43273969170045	1	1	1	1
5.08548781792063	5.89981819128259	6.69076229489443	7.06163984082505	6.81140550484012	1	1	1	1
4.56191069713731	4.98620307506556	6.46594544202705	6.66075930636756	7.14144279544412	1	1	1	1
6.25301466624326	5.52904815373822	5.41057131765062	5.95274848572795	5.77322448111462	1	1	1	1
3.94524548722916	4.59591603122295	4.19708229051055	4.92852352775681	5.29362190868424	1	1	1	1
4.52773152767577	5.36212571047368	7.7708212064628	7.16533530191359	8.05934237040106	1	1	1	1
4.44236090751853	2.35776376019784	-0.000672369466887202	-0.89899152474243	-1.09221956964987	1	1	1	1
3.41116437692762	3.41400928748829	3.55604486409617	3.89452864603511	4.77332203503522	1	1	1	1
5.33852803032331	7.93239427647607	9.49422068058906	11.2417966484866	9.87622901051239	1	1	1	1
4.49073852094063	7.89473327360913	10.352481399533	11.0614511979018	11.8119108365724	1	1	1	1
4.13241575753809	3.28042995540075	3.58103944792536	1.22556301004699	1.8323893148028	1	1	1	1
5.02783018937016	5.8792435741157	6.39291028600081	6.26677785454537	6.57887319001073	1	1	1	1
5.1041090920085	5.43879025157995	5.3378078789281	5.40119843013434	4.50422200585225	1	1	1	1
5.95006639487439	7.52924588001276	8.91873158058997	10.5889614865498	10.1312957448431	1	1	1	1
4.2747584608303	7.22102421684211	9.3019273895806	8.44869678912561	9.88356441433659	1	1	1	1
3.89384362100415	3.18707067492138	2.54690403179653	2.00042040089464	1.57893532027491	1	1	1	1
3.25840700552864	4.53349429509846	6.87561614661742	6.98289208019081	8.14391137010318	1	1	1	1
3.93631226967817	2.93322960773305	2.07575783416233	1.52829688302554	1.73988788223316	1	1	1	1
5.14805236662472	4.78643064483673	4.6465020597313	5.01848183135724	5.33474192563967	1	1	1	1
4.27126835621601	4.59579575155124	3.44545014427787	3.3388591637872	2.98638049489791	1	1	1	1
4.53996603083918	2.1557066551171	1.87681645810257	1.25609105139788	0.578400639321814	1	1	1	1
4.35189992550522	3.96930398391098	3.78663092999993	3.53651478315361	3.21818283343101	1	1	1	1
4.42338222798429	4.3889540929975	3.8034022468307	4.78658022281327	4.56446879090035	1	1	1	1
6.62920435092164	3.79527373590546	3.31285408776615	3.29584572244298	3.23367280143851	1	1	1	1
4.2136938977553	4.35770234839117	5.69796748113533	5.16927446453941	5.44484846498638	1	1	1	1
5.02978317917213	5.3322427509895	5.45892602419244	5.90295927388633	4.93149533919997	1	1	1	1
4.47487939417641	4.81215822782728	4.22758795408335	3.87927168973424	3.8316249984908	1	1	1	1
3.95272033516618	3.22827693543059	2.6012977607799	2.96730096768805	1.60194504343152	1	1	1	1
3.91284984284723	4.49594479641154	5.14229105173141	5.33500780315895	6.05567338563277	1	1	1	1
4.13656633615389	2.42395424821023	2.49611182919004	2.31353551312931	2.10933545903697	1	1	1	1
5.55680433392916	6.73889644094431	7.93810282816178	8.77273603629314	9.33304301451806	1	1	1	1
5.25741008554239	4.19623231080984	4.61343405292909	3.23631221719861	3.71321663445258	1	1	1	1
5.23626202285328	7.14252821890059	9.97275677966257	10.1811774487426	11.6056719440387	1	1	1	1
2.49016156377802	6.66718397301132	8.59492963717036	9.70106769113536	10.0177822573549	1	1	1	1
3.51296538552496	3.9847242130364	3.87680375671717	2.45047810151101	3.16624435197783	1	1	1	1
2.19363639097705	5.869220468884	6.41197777056557	9.52743273432245	8.50408754537996	1	1	1	1
5.09092840853573	3.28285560520495	3.79643843675907	3.85323448547376	3.13582883980997	1	1	1	1
6.46346348819474	6.07579949477943	7.49177942339954	7.04260701481795	7.69203231089273	1	1	1	1
5.34524398331808	6.09178512574842	5.9360550117741	4.78920235484646	5.61836174432727	1	1	1	1
5.05096089948197	6.76687887818773	7.72144569012473	8.18019274262524	9.50874652629329	1	1	1	1
6.30355101289213	5.99144287188231	3.72050847432937	3.83037053069372	2.83834824897106	1	1	1	1
7.1569312223542	8.1134693191365	8.08118666368883	9.14769241558207	8.7030403851557	1	1	1	1
5.57641376365557	4.15214518241928	3.97650609916612	4.50947340093935	3.77693643058187	1	1	1	1
3.43143450990747	5.68548185717913	6.45477502696862	7.57992150766997	8.58045365662021	1	1	1	1
5.32730809567462	6.95121146526286	5.9604800415072	7.11847107846732	7.41184276373856	1	1	1	1
5.50185632094902	7.57469639444182	8.79998138190286	10.9083302360261	10.7614687821247	1	1	1	1
5.32266529938761	7.45485503298978	7.93262614159453	8.51239545997089	9.09579873562674	1	1	1	1
4.96085497863355	4.75535118862395	5.90424648332837	5.2752022929746	5.33471425778257	1	1	1	1
5.4652513559307	5.60080793462039	6.64695718543832	6.89262352302843	6.81595850733805	1	1	1	1
4.9971154289587	6.55721025765293	9.39071500505131	11.0110239145742	10.7064004505807	1	1	1	1
5.30076907290554	5.32924855979138	3.11660109205709	3.2632427512462	3.41585013611131	1	1	1	1
2.71209798668431	3.85857517217494	3.82904611631744	3.66966336312127	5.0955263794469	1	1	1	1
5.77000168015132	4.72226698415595	4.16293854216432	3.90011827500685	3.63840315781244	1	1	1	1
4.8199719682223	7.9795765850907	11.124826759109	10.543742912185	12.1717659975219	1	1	1	1
4.13346000214759	6.14917190788948	6.35121258027347	8.43767222492121	8.32102727795347	1	1	1	1
7.13099785030869	4.38445285867773	3.24185997863254	2.75587038221655	1.95500872617343	1	1	1	1
2.89342653618932	2.2521503729743	1.43723001328788	1.99238527348471	1.54969732026403	1	1	1	1
4.79242946605746	4.16347516462641	3.76029210323219	3.18066691328645	3.02402730607664	1	1	1	1
2.40872469437612	2.60065026754701	2.93696179788023	2.19888646821198	2.77848283185718	1	1	1	1
5.96122055508555	4.13603007925374	5.4160496181928	4.09324032593661	3.93053179076578	1	1	1	1
5.74590171364376	4.56108788180273	4.16603353587092	3.55317444535498	2.94223614110071	1	1	1	1
4.74778902967377	3.4862950004928	1.95743512968099	0.929476022204687	1.09535759426222	1	1	1	1
5.82297245474723	5.93419851573285	7.14283989570253	6.48043929221356	6.99468057940024	1	1	1	1
2.68743795975046	4.11001138883779	4.87299304691019	4.75959572171909	5.57423300190829	1	1	1	1
4.33866223928758	2.28375367201379	1.09517774919026	0.974510150285856	-0.0189692934425347	1	1	1	1
3.99405643054765	7.02950348301751	8.66664899443149	8.43660000546896	10.056629836928	1	1	1	1
3.95483383962113	3.5202097929173	6.38695832544889	5.54744816180416	4.32088865863993	1	1	1	1
7.18694630753342	10.0132046798234	11.7691006557339	13.1621398417795	14.0426809229077	1	1	1	1
3.78839751928431	7.00842260337703	8.10520812468515	10.9624208313733	10.7314246491696	1	1	1	1
2.89937632906101	5.73718819564913	7.29698528092067	7.08215148046718	7.88183652647664	1	1	1	1
6.46467058623772	7.70991704702263	8.9021404968333	9.06156544286233	9.50617892991674	1	1	1	1
4.27058801953151	5.56742690377146	7.57087582086395	7.36474677951284	8.49642059988876	1	1	1	1
5.26743192622478	8.79296149731401	11.4364735159526	12.0866899895113	12.9259216078487	1	1	1	1
4.88310048746296	7.20534558860785	9.55108493642167	9.98539668813588	10.6880320564344	1	1	1	1
4.58785648531697	6.02232254873111	6.58789666141031	6.55815016732693	6.42936222741879	1	1	1	1
4.96192825253407	4.94393223486585	4.81137918949183	4.30942452316325	4.18080344097134	1	1	1	1
3.98908698139139	4.44287895898586	5.26264192149358	7.34154701552608	8.29143404145212	1	1	1	1
5.77139143548088	4.16303885433602	3.08841796267571	2.48392119525023	1.82290014959977	1	1	1	1
4.69624181755488	6.15608916988827	6.84981667556657	7.57410732428389	7.68404820024621	1	1	1	1
5.47037327388787	7.08622265391512	7.75184509933897	9.26358040439917	9.9517494469738	1	1	1	1
3.46686243101236	5.73228481803784	7.16732357379196	7.53856826575341	9.22220189395804	1	1	1	1
4.95162297398136	7.73151941612279	10.4909236263122	10.448916967208	12.1573465017308	1	1	1	1
5.4750415857194	4.92963604500176	4.08393177029425	4.90794485617707	4.42158866244523	1	1	1	1
4.64748873069459	3.97030682984952	3.67176195331084	3.45982558454852	3.08652367884403	1	1	1	1
