4.47847808089017	3.08610885208263	2.42681862570343	4.24016990584226	5.78707800343917	1	1	1	1
5.6685076028371	7.42321070636855	7.71758779272463	6.64277779925921	4.0583939186875	1	1	1	1
4.27962515664939	0.336306232935432	-1.71610850682325	-2.26200686845358	-2.95332849718282	1	1	1	1
4.89353813318856	2.22014625719436	1.62232427397429	-1.25345441136317	-0.388798963075132	1	1	1	1
3.85317745533974	4.90568938394695	5.59797193756703	5.36360318414186	6.13082371785787	1	1	1	1
5.58233415206194	5.16314943224075	3.85069504492558	4.26980552841774	2.23825660504349	1	1	1	1
5.26681157371052	5.98554779073247	3.09152868913178	5.02479253048342	1.77461712441867	1	1	1	1
4.89008581931838	6.12354765334288	5.5924799718101	4.39160293202321	5.45752979458163	1	1	1	1
4.08212794023344	3.29982688451354	3.6137389383691	5.36723288442951	6.9958056217422	1	1	1	1
6.47888775668462	6.14520950087925	2.79132302589396	4.91667120661735	3.67887961185752	1	1	1	1
4.18491337106518	5.67873711481768	7.20896975194944	9.69820015389172	9.61951486281608	1	1	1	1
4.72766241797143	3.65376130105918	4.92028568172489	5.02517801641719	5.59486066867508	1	1	1	1
3.30160944750597	2.97456667020803	0.753283460650281	2.35379052632077	3.27264187829112	1	1	1	1
6.5097648842835	8.20866593566738	8.79710223249985	9.17130027418827	9.84534285674137	1	1	1	1
4.42542645954943	2.46650664252603	2.75797061960748	-1.23620130925833	-3.9691854910232	1	1	1	1
4.13724567639294	4.17757959354383	6.78394172252494	5.23611239548052	5.93556939724636	1	1	1	1
4.61994191912319	6.4372704305476	7.09166599113732	7.7587460309235	7.01837643094006	1	1	1	1
4.71012824927938	5.89695039915787	7.36086476569915	8.62190166821911	7.67097036402637	1	1	1	1
3.41455025600938	5.20237512909573	4.92609632066468	5.03140968675871	5.55021097415996	1	1	1	1
3.10187053994804	6.82696194034764	5.81277151362024	3.48507010140567	4.74543914270242	1	1	1	1
4.71429436316038	6.16920335394708	5.15951363846721	5.50235621108063	5.8998065056533	1	1	1	1
2.74695150439851	3.76406019089987	4.53531672454806	7.02637952140418	5.11338501621043	1	1	1	1
5.70123949993281	7.677304963618	7.7144868940943	7.96352868415154	6.46722190492907	1	1	1	1
3.64094015447576	5.61826599837426	4.06447782361359	1.12314039251401	1.09755665681808	1	1	1	1
5.86238923736538	7.11452045346718	4.31037842354621	6.27282503734645	7.84567142246812	1	1	1	1
6.52485873596926	4.32413365472249	5.84525350990749	7.97545845377219	6.39381205348434	1	1	1	1
4.70201988427243	5.68367078083013	7.55697152152906	7.42343323602729	7.74566904670328	1	1	1	1
4.31991152652407	6.24931908740412	8.15450407368429	7.73885558366039	6.50589249170894	1	1	1	1
3.50536152589476	4.57771626169521	5.57295959500951	6.65838013293709	6.46885561682934	1	1	1	1
5.88921075088549	8.52554061898689	10.1787053360747	10.1433570020887	9.65599580142985	1	1	1	1
5.45728143783488	3.76392035045508	4.51319427555483	5.88534528743545	6.72098588450366	1	1	1	1
5.45710537022507	6.8415599630318	3.93973390032594	6.31429829343923	5.66625990040861	1	1	1	1
3.68733601427956	9.72938963783954	10.515182931056	12.2453640431876	12.3250239965308	1	1	1	1
3.52291771105202	0.84694484154276	2.74181354789701	1.29816660307063	4.6527796274704	1	1	1	1
5.00853986861366	8.71380604720691	10.3860042169326	9.3033731859419	11.2525395504513	1	1	1	1
3.76412005432047	3.11670041910246	5.33739237263469	4.92519056605846	3.57816299641566	1	1	1	1
6.89873809409471	8.10395461641913	11.5417731420744	11.7722704330183	14.0784418744182	1	1	1	1
4.71771954234309	6.4065103966963	5.71225337678478	7.51032408718817	8.3506833902453	1	1	1	1
5.64824885243353	4.64806650838947	5.08889778978169	3.80959672033811	4.40409645375085	1	1	1	1
6.31858278732008	7.92619497415817	6.32418992296913	7.2798628526178	6.64153448224163	1	1	1	1
6.75834419648161	7.51873995780135	6.11261652843853	4.48080694418413	3.71933991714876	1	1	1	1
3.45903504115126	0.553719475311332	-1.63497869399305	-3.10246352757103	-2.73569385182532	1	1	1	1
5.39033108710116	6.73341737478244	5.65057249589308	10.3886215670238	10.420896098762	1	1	1	1
5.29749656619243	5.19478183158461	3.68081384509543	4.88320126720087	0.654458321954886	1	1	1	1
3.94697995633548	3.6408112567869	1.77692343133791	-0.185841399398521	0.463908695574425	1	1	1	1
4.17298011452165	6.18281331561987	6.18320382948077	6.76754425359246	9.73402854421073	1	1	1	1
6.62793032488723	8.60986167665535	9.90608130070812	6.97461901254979	6.83251805193079	1	1	1	1
5.67988111087717	5.92115039531199	4.19583985406422	4.9449226717415	2.57995172871069	1	1	1	1
4.2289081073972	8.40630019591308	9.1882155296079	7.50782836403326	6.64700170476337	1	1	1	1
3.0803983932985	2.12820077569388	0.25005842871232	2.58220799881684	2.66548273139471	1	1	1	1
5.10223977671946	0.468941827454853	3.15414229584141	2.55382699613719	2.89892455001436	1	1	1	1
5.6922075485953	11.7682892607912	14.4031882754325	16.7250462454881	20.2226574822849	1	1	1	1
5.82367231165161	5.4284182240957	4.84775260032732	7.17548250719422	5.16190458173058	1	1	1	1
4.67230922227295	5.23913463837562	3.95263981369916	3.37271769468093	4.93825940159918	1	1	1	1
6.65830079445618	5.92107204743416	6.30778131987695	5.48215925258053	5.85922261635621	1	1	1	1
4.8992802896792	2.36532452507927	3.665897795391	3.46873685329721	1.19763454165392	1	1	1	1
5.30184936954307	5.70247539659512	4.48489278315982	5.02343060672453	3.68868221229834	1	1	1	1
4.02228308391278	5.25256874842033	2.87249467403605	4.73101218376866	5.39786198873194	1	1	1	1
4.98539327972846	8.93451608014004	10.1692775557673	11.8305487604154	10.9630229864177	1	1	1	1
4.37088745643434	5.03935880037166	2.62599992087857	4.69025365780919	8.20831465798024	1	1	1	1
4.60439617899192	5.32040055806227	5.56067173070618	6.51409485382332	10.9866942287943	1	1	1	1
5.17189367589686	7.39236558162757	4.98746029141471	4.71207520327806	5.21926230767296	1	1	1	1
6.86693667451601	5.93924388681313	4.85036481211346	6.07998446966038	5.51017125836402	1	1	1	1
4.69927243351387	3.91664888445958	4.39285215110011	8.59543752845013	11.453345743218	1	1	1	1
2.80155377875437	4.78269450045398	2.39141443439657	2.33574292865338	3.33674118178889	1	1	1	1
4.188172061866	1.09267887671995	2.48207823874464	2.77027052412974	0.80299514808389	1	1	1	1
4.20537129706293	3.5361519484591	2.87537361249029	-2.03662256430286	-3.23596810228712	1	1	1	1
4.46054263648911	5.81546341080127	6.37568015168356	6.22873887718839	6.74354748525258	1	1	1	1
5.02451034725512	3.15305790826462	5.73507154034104	8.60110404977318	5.91016646252163	1	1	1	1
7.22726812776449	8.95513797712003	10.3680520970898	10.4868012687006	12.0944353978139	1	1	1	1
6.47395508647379	4.99439941461961	2.7794019823422	2.82570045378088	2.92309302254708	1	1	1	1
5.10686167705227	5.02644431316126	3.22095052071306	4.43289224510142	2.95677803809133	1	1	1	1
5.6313342004107	4.94737431194631	1.87750948700463	5.60726795737745	2.2179936516653	1	1	1	1
4.24713594012886	4.59674548048867	4.87152949904666	5.79563895039231	8.0244858839678	1	1	1	1
5.33844474547861	7.71829904650477	6.81949617614132	6.03614781225943	7.25016858605219	1	1	1	1
4.98920445659371	4.01846082336688	3.91605306683612	5.85597432594255	3.50731979550214	1	1	1	1
5.9793419054058	4.52049964186169	6.64147074219215	5.33225256927272	5.49273912281813	1	1	1	1
4.97591224235408	6.28987093986442	3.42878275928467	2.9588987489071	4.59485721587482	1	1	1	1
5.25370125417437	4.18414477628797	7.59768523537123	7.19199688198869	8.86679605664492	1	1	1	1
5.56880293172733	5.90149149562149	7.05169310815939	6.50033716378812	6.82772256012292	1	1	1	1
5.92420865287686	7.89806738424825	8.90082961703825	8.0810808680049	6.87111236432602	1	1	1	1
3.13797300809248	4.16186794836214	4.70739538588138	6.93001699630909	6.62640091801373	1	1	1	1
5.8865265956627	8.74076740350798	9.27187598967823	8.87955073446337	10.0108616957649	1	1	1	1
4.53220128861505	6.90430901072356	8.09250954591398	7.29037438908739	4.9629652197482	1	1	1	1
6.81720338417813	8.53827557494919	10.838549437919	10.8689162754269	9.40592178390175	1	1	1	1
5.71246954983162	8.36272332634982	10.1485107075311	9.05460055429957	7.91430876035552	1	1	1	1
5.70110390771013	7.11703265582124	7.34802362551924	7.62264171021192	8.15646687356779	1	1	1	1
3.9328241285557	1.93462007149326	0.0587356429137512	-0.835600364375875	1.64563781133611	1	1	1	1
5.09234723831947	7.20130757086632	9.26682589154207	8.69299456963961	9.17716568995797	1	1	1	1
3.95554964862333	5.00588142794493	6.22846512243262	8.221562431723	7.92816796348685	1	1	1	1
7.01634956278627	7.57203464909481	6.20218269512541	6.08086825133371	8.64629119394646	1	1	1	1
5.76073584845161	6.54965469255381	7.27747470813839	7.28500119302825	7.14282911977299	1	1	1	1
5.99676419465997	5.37111962438151	3.86567195114472	6.60866678718743	6.03915371389502	1	1	1	1
4.16643345534242	4.79211369598583	3.52514800580109	6.043306571381	3.63885145601082	1	1	1	1
4.05816387360857	3.08478960678104	4.61156053911426	3.77360497939167	4.92830212421088	1	1	1	1
4.92526216903731	3.44484386349245	4.69318699778679	3.7222630839471	5.51355366195526	1	1	1	1
4.4612157715722	7.56180606863432	4.8676013658467	5.21750740159411	9.50626446487482	1	1	1	1
5.10243236903819	6.50411455098895	6.98464493963567	8.5917265984649	8.02390586699856	1	1	1	1
3.79536992910705	3.4223932597476	2.76891266276995	5.53207099524885	5.16571838692298	1	1	1	1
3.27374538606532	4.43231063354857	5.96986964466462	7.21188268706799	5.18911668022888	1	1	1	1
4.10884727282526	4.71777177785777	4.38423616304396	6.02395081114126	4.94418753034391	1	1	1	1
5.24442515484309	7.4983138668579	6.92040033449754	5.83810155498908	4.61411179079776	1	1	1	1
7.22963104829661	10.2195252171101	8.09655380423256	8.27518293504721	8.25591360052353	1	1	1	1
6.05459735447357	4.47554623850306	2.0673552781439	-0.226604511884266	-0.907351566620987	1	1	1	1
6.292645189297	6.54946090736291	8.28635753252002	6.44809299984508	5.31454819541289	1	1	1	1
4.7315366005038	4.43219592920949	7.03642640090177	5.58737153247196	7.40385981835159	1	1	1	1
4.58510148872172	8.9533178614576	7.24394057862517	6.52445319437867	3.40403181136921	1	1	1	1
4.072449838359	4.71559224981682	2.96486286915458	5.4341100442674	5.67228961249239	1	1	1	1
4.89403703652172	3.43635480799161	4.7485972200559	5.1912960136711	5.26943693966141	1	1	1	1
4.72839249199645	3.84010174271708	7.14212448478266	7.87979246345249	10.373321140407	1	1	1	1
5.10916650549564	8.48646312771193	7.97468518790172	10.6702032681595	10.2165137366827	1	1	1	1
3.47882562326982	6.23848892465058	4.40262605312952	6.44497775930066	5.76168482743999	1	1	1	1
3.45466924396507	3.6014422510164	7.90299212464921	3.62726441214509	4.87905239221292	1	1	1	1
6.0148779365882	6.38443308749616	6.73864954113771	7.27216605588598	10.094753760276	1	1	1	1
4.16807816841398	7.81720783244037	9.09805256016967	8.1911358969754	8.64629508949536	1	1	1	1
5.21155307273679	5.4418871208118	4.87864961588481	4.48095623963674	4.76522712458731	1	1	1	1
5.11514658249997	9.87967419514128	10.661438731415	12.1148969132272	12.6319042087313	1	1	1	1
4.70175168611296	6.4337248321787	7.87787828051804	7.09371324884808	4.89955068573751	1	1	1	1
6.09266847265242	4.9472671999593	6.77155578903089	8.22855999335743	7.18816953289589	1	1	1	1
5.75039462770739	8.08825252960367	8.95868782517302	7.10456106050902	9.20210322486716	1	1	1	1
3.3362218057747	5.42001625603378	6.48147862237994	6.83415265937596	5.22652800664427	1	1	1	1
5.29741688322633	6.34715680069261	9.44430776483929	10.9425901506857	9.8062822874309	1	1	1	1
4.27686962594723	4.1263341407704	2.13838153956466	3.04219293057533	4.46651542899766	1	1	1	1
5.82958263473488	7.5746775482645	4.52437975398016	5.44078197205647	5.36703103133033	1	1	1	1
4.68026034338136	5.88753766921052	4.51297045754921	0.820780304302005	0.0553880451122304	1	1	1	1
3.58450959298078	-0.856272543116906	-2.17280410309118	-0.668108321367721	3.40322142113428	1	1	1	1
4.26356138347561	5.70735394111693	5.88559527899836	8.5719372746703	6.11924730964316	1	1	1	1
7.18543205762985	6.87586193034948	7.45354534949612	8.35426916279591	11.9341627516263	1	1	1	1
3.68499457854959	10.1079014759454	13.8289711189228	15.9031917685949	17.0242358556425	1	1	1	1
4.26186999301259	5.93812120883741	8.75593672233099	3.8648431460795	5.14524237322478	1	1	1	1
6.56209806901868	5.84698709258258	3.65009256759956	4.2626045319494	8.41208919979499	1	1	1	1
6.05723223084704	7.41821649047327	6.23212220644283	9.35652746248608	9.63684604450245	1	1	1	1
5.69813264795498	5.13806188954157	5.57806414223979	5.07244273914434	6.81479413336287	1	1	1	1
4.99522229360202	8.52251761553521	12.2110783946529	12.2040368093061	9.73278683086501	1	1	1	1
2.26026149202767	4.7041456963011	2.08286192937084	4.62037003266452	4.47932851745073	1	1	1	1
6.45625813942729	6.9178905156354	9.15946973772211	8.36681144878962	8.25248790813119	1	1	1	1
5.25826343914597	6.99240786170882	10.2560097970358	11.7445565812422	12.5164682825711	1	1	1	1
5.48842760084331	6.61055981824088	4.34325641083903	3.46400107005976	2.07804598488419	1	1	1	1
3.35287616191606	3.72656912861295	8.66085004667011	7.06829030752233	5.74009230716438	1	1	1	1
6.73805279114307	6.75447270032665	5.34792234306576	5.71397676322621	3.5956518241206	1	1	1	1
7.46344403368817	6.30318193518616	8.62276225035642	8.64511943619608	6.77132341725724	1	1	1	1
5.15363343803602	2.33841252777265	3.780802333174	6.1708203053555	2.32717782183213	1	1	1	1
4.06145580555548	3.60238240156784	8.14703155277251	10.5572032696521	10.5158538408874	1	1	1	1
4.80157354339922	4.1049923015948	6.07281988071749	6.01634771206778	3.47788671095769	1	1	1	1
4.81340970753062	6.93669597010339	6.26831855156141	9.14305079184062	8.07922480997166	1	1	1	1
4.84957929060669	5.64423350938741	9.19435101558106	8.34454746480919	11.3009468621646	1	1	1	1
5.22420741456624	8.15269393825757	10.2504840879645	13.112546196772	14.7180729236467	1	1	1	1
4.47008707282496	5.74173081431815	5.7138632763255	4.12453240774411	4.14451608885301	1	1	1	1
6.90016288482819	8.02741694520735	5.0998660318812	8.19539392631794	6.43489837296545	1	1	1	1
4.78324377108211	4.11710423668214	5.48368511585565	6.40977933115676	6.69907103307568	1	1	1	1
5.97855147409921	6.87091238176422	4.66103707546656	3.67866535495306	6.88511489256944	1	1	1	1
4.11103505282265	6.91609010293372	6.39597015104304	8.74804590139841	8.63705204077807	1	1	1	1
7.50400228034415	8.66982586668156	6.50289281914965	6.25083168283007	9.26686404692581	1	1	1	1
5.58984009164131	8.43576890838588	8.6672968339242	10.8828232235402	12.7162120727898	1	1	1	1
5.97283678295527	5.82060187790452	7.79353198506561	4.30397907047206	2.79204997431272	1	1	1	1
2.81491440472673	2.21177094063072	4.81457415536241	7.40243639443164	7.38352404890795	1	1	1	1
4.2576389603154	2.66706298915273	3.47202891802734	5.92040137865556	7.90618502722141	1	1	1	1
5.21674164642564	6.8510495814734	4.68092269828347	5.96513827558862	5.34284209124656	1	1	1	1
1.63617957992659	1.45153634065673	1.50195808795377	2.17395698156747	3.19750687018154	1	1	1	1
4.79810223697765	4.13028980257843	4.4900401190624	3.53716248200137	4.09276545750243	1	1	1	1
6.64421294944271	4.47431066891818	2.53085064370233	-0.568209614339662	-2.18592317396244	1	1	1	1
4.72292655309118	6.45348936751883	8.3366905806665	9.66770311471694	9.01380203677377	1	1	1	1
4.95865026788116	5.552482770158	6.13409565344832	5.87795513330856	6.07828152358718	1	1	1	1
4.76066497299971	4.39524685226527	7.76594085368412	10.2174507960001	10.3964150720239	1	1	1	1
5.47366292519023	6.38885524748549	7.93870111436445	9.63710003148884	7.43373775308555	1	1	1	1
5.60716403271614	2.59508253512266	3.5444959391563	5.20656851796902	4.5763140512008	1	1	1	1
3.10384378000951	9.30293774827272	8.66558142232234	5.99140176277779	6.89430034808616	1	1	1	1
3.86867175136874	10.0363190426546	12.6944141918308	14.7728254220342	18.5717842740864	1	1	1	1
5.37213357406914	4.42539759294221	2.62700607358632	-0.506190702973103	1.25520969673935	1	1	1	1
5.52101719221283	2.8762940662427	2.45985460719687	0.878257340693866	-0.481545247049729	1	1	1	1
5.67867612789088	7.65371550001675	7.08898358597334	7.60637371379031	5.93441069008936	1	1	1	1
5.2161123991142	6.43075835566907	2.33987584112827	5.37146816029026	2.47199872238305	1	1	1	1
5.36426094671782	1.88866719700867	3.01871319443986	1.44675715351543	3.54878453668013	1	1	1	1
6.23482662389088	3.87555414203448	5.69982825765366	6.15727452405924	5.23992378371391	1	1	1	1
5.54628738698633	6.80143782192597	6.74262215147912	3.93175852469375	4.88171610840165	1	1	1	1
5.79592227964148	4.30544242889656	3.48093721499274	2.82278900875681	4.51220052806998	1	1	1	1
4.95333967835843	9.06051655545238	6.76078974701555	7.93879811849914	8.81644903866557	1	1	1	1
4.53663524188651	6.64901725871025	8.4871807664232	8.73582066224692	8.70580027266778	1	1	1	1
5.3379117714918	9.05871138736505	9.89194409713317	10.7289345046355	10.7246526869178	1	1	1	1
4.47849427161782	5.99164177004388	3.95986629401413	3.51028977593449	1.31279497243707	1	1	1	1
3.79575185794977	4.01369127100459	4.09403100785239	5.28046726215088	4.6093618359562	1	1	1	1
4.72486483580513	1.51258426026495	3.07905780273273	2.84944342193914	4.30674340745025	1	1	1	1
4.02262781493807	5.42283061041694	2.38457241320409	0.488322469277361	1.42808519882834	1	1	1	1
7.18425599707248	5.38691420718814	4.55653084082326	4.3013247880384	5.31177578441307	1	1	1	1
4.81828547856762	3.86218104132284	3.6386036544208	3.92300113439033	3.52407002916447	1	1	1	1
3.86886918913342	4.69462853982947	4.93783342786571	6.09992800627514	6.96055355303204	1	1	1	1
6.42087269641228	2.91729549092897	3.6919639016234	5.32686622569445	4.59226466317974	1	1	1	1
5.69195598350323	5.96579238738305	4.0223516343225	4.35686950123386	3.19970652713055	1	1	1	1
5.91722508713295	4.46965089280783	5.11649870985266	6.09559549176654	4.99049315241165	1	1	1	1
5.33648349671881	8.33494657224165	7.10756447185167	9.95473097770959	9.37360888157465	1	1	1	1
7.1927166694721	4.71975336167121	2.35796132161539	2.73631695419839	1.93173038693595	1	1	1	1
3.16925336403313	5.5693089288691	7.77343418212959	8.71623957506361	10.8306083352988	1	1	1	1
4.45166379080576	7.54261160320078	6.96919851313011	7.23802781520195	12.5672218507387	1	1	1	1
2.84708604218498	7.24586579081722	8.1323117668328	5.1336073818083	6.10904906995627	1	1	1	1
5.72218121885577	5.55386823344998	5.58389401026396	4.08345185334165	5.57985743631864	1	1	1	1
3.74415291699888	5.47622155586415	7.27662872088991	7.84769054443739	9.2104796142356	1	1	1	1
3.63324518357386	4.56788360337188	2.74398108381748	6.92366969804504	6.25945034648427	1	1	1	1
5.17381375583482	4.73863907417044	7.36527859950112	7.7343397114693	6.89097047527236	1	1	1	1
4.50331827041523	5.48281948306288	2.20818146672895	3.92058063977401	5.68698793357715	1	1	1	1
6.03788108400208	5.68969404012963	4.43069406230322	6.09677323055736	5.06903205488954	1	1	1	1
5.58488427657929	5.39214579133935	6.20688973665513	6.35016392522888	6.84480429185794	1	1	1	1
3.54247647430021	6.73148902199195	8.77016350944105	5.9418872560711	8.09967390215596	1	1	1	1
3.97600371169991	4.69341664489841	3.34706578355846	2.6136383865427	3.86424338565413	1	1	1	1
6.12629551657794	6.04433843892095	3.0583562097407	4.02975501646324	1.90755652391426	1	1	1	1
3.38496890984712	4.54933553590952	1.82862094151609	2.515588939139	3.70714046410372	1	1	1	1
5.01581927756886	3.85180264245088	2.70139216062348	5.16154681437535	5.36056619198565	1	1	1	1
6.17388841561364	6.89520922317706	4.89221932343408	6.49764993155219	5.0008617211054	1	1	1	1
5.86514912261648	6.72118127091047	4.31935137076913	4.44279577137902	-0.486383545024072	1	1	1	1
4.93233575656048	9.12867409682281	9.10323150521151	9.39806036570016	12.0777257837757	1	1	1	1
5.27371747557597	4.87602442324881	3.08315776819071	5.45205784760994	4.90309982965739	1	1	1	1
4.37142374578895	4.95980936037312	1.85762208437551	1.52210236355798	2.21926476303426	1	1	1	1
7.1535364076937	7.02146246377045	7.62354296315531	8.77163129924724	6.79280317756461	1	1	1	1
2.71624440744908	3.55504999489235	4.07393904782317	0.306223738690855	-2.17503144206903	1	1	1	1
5.50913272925168	7.44148717294006	9.70185518962536	8.89718664419833	7.81892072511146	1	1	1	1
3.64012147258503	3.33612983906381	3.73235552348349	5.72944880596518	5.6820785594331	1	1	1	1
4.47766860847302	1.58232230909374	1.08566525024206	2.73860628218944	4.22857364933351	1	1	1	1
4.05214780109378	4.45553784445853	4.01708366833997	2.80190751564819	3.07029090816166	1	1	1	1
3.9360070738257	6.56972262069811	10.6354072345848	9.5634526393085	12.8384760673426	1	1	1	1
6.04443858114378	7.68069973528653	10.7027518406069	11.6208617642142	8.19067763557723	1	1	1	1
4.23746822281564	5.78258462248338	9.10363752542363	9.23293224348224	9.08071074208696	1	1	1	1
4.44122541583881	-1.66706537687485	-1.04356732318697	-2.83264940372485	-3.87347904777277	1	1	1	1
6.26578731619572	7.71677607246878	10.1292901042327	8.42704657918433	7.93480220778941	1	1	1	1
5.16876694241176	6.79903097077279	7.78086884488794	5.29409084712078	5.89498785443334	1	1	1	1
5.55352637747554	1.92390117933543	-0.00322222795047855	-0.121077608647466	-3.56184359604511	1	1	1	1
4.45284647871417	6.69083368298311	8.96530571438939	9.73116449047473	13.0639591115785	1	1	1	1
5.41322333280073	6.25361605389755	6.07391962390545	7.23258297320411	4.68777158917951	1	1	1	1
4.1338788393371	2.65772142056283	3.22428734867267	4.89641892692727	2.30219086489765	1	1	1	1
5.09596424980314	4.37767569674511	2.80360035315133	2.6457077026996	3.34900127338092	1	1	1	1
4.78883589000577	3.90851603040155	3.65592001789245	3.30101296186842	3.16424882513497	1	1	1	1
4.91748558029038	5.46364793536529	6.90625953479074	9.12095239410145	9.245917909131	1	1	1	1
3.62473350023022	2.57990173044669	5.77174014052491	5.88343767333525	5.05317141797994	1	1	1	1
3.57514136675591	5.9430851056385	9.08487232985034	12.1912315095146	10.587555268677	1	1	1	1
6.46167645326574	7.73905622736214	9.33125573283565	7.77417450433803	7.39799379820679	1	1	1	1
5.22028644850813	10.9384828284652	12.0150020060107	15.8915790537304	14.2326568088962	1	1	1	1
3.88612002824029	4.02278171776708	5.10686768305201	5.13108557487724	4.52560011047566	1	1	1	1
5.14357863347981	3.62064399791797	3.13272934566013	2.63254699160715	0.715621742610924	1	1	1	1
6.28459789336946	8.84114110526794	8.72095221059079	11.6036798754468	13.1506218396027	1	1	1	1
3.55974175858276	2.63613384129822	1.40415571653148	4.44122047568858	3.57844248833289	1	1	1	1
4.41022290690567	3.49534720732588	-1.70744990950193	-1.37124070098041	-1.78341517087562	1	1	1	1
5.03160913330194	0.334153257991804	-0.116196272383307	-0.630165404570683	-2.31736451120878	1	1	1	1
6.2557161531413	6.13117419512058	6.42231770486809	6.93299471671753	8.07044533123378	1	1	1	1
6.15003167274976	4.46764853471994	3.67190498056592	2.86669615317051	3.76699424423929	1	1	1	1
4.16979804682581	5.54710001587387	9.07512966224116	8.55786035247779	7.9790752787712	1	1	1	1
5.46735413577958	5.31031439704149	6.36276529325856	6.35497475019953	2.56759733171431	1	1	1	1
5.28859904023857	6.9486739145253	7.8739161120357	8.71353730190726	11.8133415606326	1	1	1	1
6.8126495989684	6.7622693536732	4.36382324630161	5.18068276430168	6.06154498515039	1	1	1	1
4.58936361570231	4.79017167051526	4.95472956828755	4.86594544603042	6.11173222195329	1	1	1	1
6.0147541968198	8.59772702947492	5.34013311550911	3.75720002553655	-0.791044588045878	1	1	1	1
6.24893066653741	6.20782727880829	6.79633602048877	6.63410683062233	6.60378410293591	1	1	1	1
3.92608846613932	5.85467264616247	6.47004670034503	5.56305161838862	6.18983977307047	1	1	1	1
5.90635358143567	6.35011854491208	6.16199714856497	8.2948552852664	9.58777605708398	1	1	1	1
4.52004345463008	6.69222121512769	7.08120202976329	9.95872550164074	9.10939265228111	1	1	1	1
5.33999240826907	4.11488745367282	6.22600235133184	6.63480992812271	8.77413220364711	1	1	1	1
5.51805275326725	3.9337224565531	4.29875560316641	3.29453317879022	4.47064973435791	1	1	1	1
4.77328301847155	3.91603586175793	1.88149836926459	2.75555180465593	1.52595711441511	1	1	1	1
6.37993965795432	3.62158451927666	1.87201122064519	0.514743788951153	-1.39174651098472	1	1	1	1
4.93125078628332	3.6069139009373	2.47486623627041	4.52127639342089	1.54653944813238	1	1	1	1
6.68823614265933	4.3983274487199	3.42905937530005	3.79545370200514	3.18954901051412	1	1	1	1
5.19399123052043	9.05048258175235	8.06802058816552	6.84013176651002	9.39030512688993	1	1	1	1
5.68676149260352	5.59762019914638	7.77371699875949	4.07120801283186	1.5046368868244	1	1	1	1
4.27696736223256	4.17636848391416	5.06853537881845	4.94467197542989	4.49172415699851	1	1	1	1
6.4587256622241	8.55575826591136	8.48075027620541	11.613324183634	11.0227936362711	1	1	1	1
5.38768231193796	4.57568100486671	6.22055573420917	4.21162711900437	3.87038564937513	1	1	1	1
5.6171019374803	4.54930436440188	4.61113437560193	3.93985285739218	4.96715370993893	1	1	1	1
5.34059826614831	4.62071078279235	8.01326047794928	6.50476617948811	6.20479000743443	1	1	1	1
4.5917094404603	8.55977666268494	9.05827326285547	8.67763758270098	9.08045797184415	1	1	1	1
3.29142805134983	3.50113502017435	5.50250392723751	5.94617381108481	7.09689573654643	1	1	1	1
4.44163110092556	4.19353031433894	1.28075124922712	3.97402773515247	5.62998475440001	1	1	1	1
3.91938923468536	3.46509897932936	0.61660456765262	2.6068212649198	3.7609309001712	1	1	1	1
4.38835155042525	3.95110785718742	3.9287921722988	5.23627082540226	4.20522201877198	1	1	1	1
4.23606998789443	5.85298660895424	3.44148005563707	3.60131132114258	1.24598290761203	1	1	1	1
4.63450908292367	4.3688113726403	6.4278460917647	7.91719507758667	12.5257582759562	1	1	1	1
5.56768249718349	4.57227966036216	8.86263197400173	8.37373537733929	10.4895125462903	1	1	1	1
6.38064175542909	7.55715327137895	5.07621974585177	6.07938160754247	9.56638819569722	1	1	1	1
6.13795935302425	6.12054336898035	5.33938190483784	1.12381560506908	-0.360245056920102	1	1	1	1
4.57740353485203	2.81651219583987	5.14984707853228	3.8056560432759	4.08108586463212	1	1	1	1
5.65809071480916	8.12267020006287	8.86980118097617	8.16674411252806	7.35864882668819	1	1	1	1
5.09364474628774	3.63623284556247	1.99820633495836	2.00962061486191	3.26153244569941	1	1	1	1
3.15159981089673	4.79137577787957	7.53829017160711	7.7287753614251	8.20336118197526	1	1	1	1
4.72915236802966	2.02530799243084	2.28886384860026	5.89725166708993	4.57004132922707	1	1	1	1
4.84873884689571	6.47851806309278	2.99696932662504	4.0269733031712	1.49443652101378	1	1	1	1
4.85661289603538	2.46438330734403	1.35719902531673	6.83261497834217	4.90872874310055	1	1	1	1
4.54705276945616	5.62641338498854	7.34006011886126	8.0136678651254	9.08099108452284	1	1	1	1
3.17384928037084	4.00937662720727	3.96265106084816	4.58666827020535	8.84164656202188	1	1	1	1
4.92398531298194	7.43988034367477	8.26033457928539	6.01242146272884	6.99675674084958	1	1	1	1
4.61254818709066	2.96695679791193	-0.763764547105758	2.44272348633494	3.14908045049613	1	1	1	1
6.28511147189867	4.00314624216836	7.72926647128598	7.30678455049928	5.81001883270229	1	1	1	1
6.32523833229718	6.67697030865736	9.89037070727052	10.8995466520151	12.1758254623705	1	1	1	1
5.86571906408843	3.11463281366148	4.50185335186059	5.15759776621674	6.61566903911291	1	1	1	1
4.94331976850752	6.62483655926362	5.36318863815119	7.90540951300639	7.29132398058477	1	1	1	1
5.93165817282007	7.11002162901636	3.12889504524485	-0.348180685028829	-0.835088883418104	1	1	1	1
5.09262842999445	5.11702701554878	5.82241075485231	5.71727621427269	2.42630936254783	1	1	1	1
5.8064305075552	3.61775687204879	3.52595178809414	2.18252551037984	2.82545558847846	1	1	1	1
5.96308883477448	6.64003658008785	6.97319705754401	9.9375298774731	7.97255414106742	1	1	1	1
6.32629685616692	10.5753471084394	7.97240204943146	9.42062676621157	13.4606421606781	1	1	1	1
6.82915805622124	5.9347909007234	7.66860631619591	6.55434620861177	11.2145170425241	1	1	1	1
4.06915826346984	6.88014883282259	6.04626687433065	9.42055065857726	8.89731145797035	1	1	1	1
3.56064506310304	6.73952785352467	7.38248693476369	7.67800605045483	7.79923907349492	1	1	1	1
6.07031860316865	8.5022215617007	13.3582638843653	13.4464164148228	14.2766366824804	1	1	1	1
6.522958655803	5.58954063638311	5.40331600314152	6.06862560812923	8.07648724096044	1	1	1	1
4.64921251021977	5.07192281379362	5.05588098865993	4.02530080862816	4.83250792427665	1	1	1	1
6.06915265512823	8.72397378248178	9.94573882790771	9.54925096836504	10.9461214715811	1	1	1	1
6.86729003370429	6.16294971759986	7.30428310283127	7.74367126007134	7.30380196447027	1	1	1	1
4.24896518787412	1.83220737470842	0.904963024208067	1.35151081479336	0.0322564030401185	1	1	1	1
3.89164864383673	2.42609510553298	-0.144548832138134	-0.712029724884569	0.0587638562514146	1	1	1	1
4.87907338407212	5.89673600847207	7.82625495948929	12.4172004319534	12.0654039356242	1	1	1	1
3.33605758129556	2.08845887159987	4.33589465272864	4.64483140207546	4.30878705700884	1	1	1	1
6.4088657320358	6.03640719841431	6.66619268499246	2.93702510487633	1.27770711851433	1	1	1	1
5.46374668847617	6.57601597072051	4.65839876352963	5.46502827595036	6.84660100840828	1	1	1	1
4.36069236576088	8.31269690753891	11.0920462014957	10.1928482448922	12.6623007159811	1	1	1	1
4.50895766495059	4.30996678036285	3.59582822081666	3.38734814746495	2.90188517427516	1	1	1	1
7.26592600967279	3.83891666543552	3.50682182546052	0.335440165485465	1.66205277463246	1	1	1	1
5.28566324796825	6.5080216259873	3.58410763619044	3.70755538275831	4.21473283908724	1	1	1	1
4.80237482655431	5.71518400936328	6.47114047274277	8.82872898125791	10.9620277215028	1	1	1	1
5.93348163623066	4.36113634896376	4.11939231311346	2.87463765950256	1.5346163274631	1	1	1	1
3.73347122046458	3.85464646760774	6.10198789044194	5.75166217474594	6.26222058482848	1	1	1	1
4.63668187645687	8.9858772438696	11.2665895395596	16.1512587439819	16.6680689187086	1	1	1	1
4.36840947976717	2.1013109211431	3.21943486582652	5.37953802504083	6.80367900055484	1	1	1	1
5.05700815061338	4.28586544510999	2.80158929791441	0.192684086137734	1.8561577155304	1	1	1	1
7.57857699569885	8.10691670627085	10.3493970838799	11.4604104549837	10.5382404263252	1	1	1	1
6.58975472070619	7.51388045531615	4.81204226779116	3.36317016380538	2.39131491969191	1	1	1	1
4.94036530572132	5.24354341149291	5.82728652001354	7.70157480745022	8.02019716264102	1	1	1	1
7.05558964420121	2.08382737634097	-0.434258287150961	-0.774962314876982	-0.786938870845122	1	1	1	1
3.40898821918834	2.6895576121792	1.85587339885756	0.221891637697657	2.21379569307137	1	1	1	1
4.65371584901696	7.02146208410287	6.79360680718873	9.10168558519181	9.83663996225276	1	1	1	1
3.81293085158433	3.19125252253844	4.04050091791688	7.73854793976025	6.3970681881051	1	1	1	1
4.49516561772115	4.78087253915656	4.5594490194662	5.67867603486177	4.57651660033622	1	1	1	1
5.18007168737433	4.62720109017713	7.90137134200118	11.0705616010299	10.3426195408976	1	1	1	1
2.95075816529443	4.03967650265942	2.47677861294925	4.28208589008939	-0.252198399830686	1	1	1	1
5.0910058376768	4.91606454428491	3.55388449121832	4.63445291443469	6.12721530433485	1	1	1	1
3.19271872117106	5.7196717191663	4.34695390911808	4.41058169013809	6.02996667649915	1	1	1	1
4.2423987304459	3.03309825061465	2.14988333964646	1.77462631087212	2.6464964735135	1	1	1	1
2.61769594203549	2.52924035650209	4.37807295145657	3.86351312439745	4.44386732121556	1	1	1	1
4.76181598540873	0.0368573917750885	1.12880853382596	0.671236676917798	-1.82941304666247	1	1	1	1
5.54738447269252	7.30244939615123	6.63120608341131	7.12131136967737	6.55248520321519	1	1	1	1
5.53987422691839	3.72004944968546	3.51539361806762	1.80946277291512	4.52925395497558	1	1	1	1
5.17183061221675	1.2930430737212	-2.17284435274531	-4.21183427696794	-4.18342727905888	1	1	1	1
5.33039966294697	3.08847753391599	5.36275447066688	4.72585975097222	4.30214386156381	1	1	1	1
5.90648901784314	5.15568289360085	5.041831739156	7.67107523808253	9.97042676346808	1	1	1	1
4.39173334965775	4.70172722916688	4.0049178274871	6.09030891869092	1.37078687101355	1	1	1	1
7.06728356457685	7.64763709941098	7.45676642636375	7.26002703561107	8.65491761977288	1	1	1	1
6.32935652819868	6.62512694859947	5.68063201776518	8.6615615037155	7.20090221885892	1	1	1	1
5.7930380581505	8.06665005368376	8.90712399598065	9.14445527070038	11.4701706675459	1	1	1	1
5.0336260939258	12.1840340766406	15.6642299491938	14.3588659789271	13.7963277777693	1	1	1	1
5.7809586376438	3.86634476238972	1.5345239881144	3.34790973542161	2.41664092450178	1	1	1	1
4.53670623704286	5.35416419517156	4.37680005809228	4.11574403124049	3.06428845502309	1	1	1	1
3.00392567218995	0.697258289155462	1.31415624236888	4.31351961240187	1.36531252092419	1	1	1	1
5.56927461688844	7.48090831589641	7.63687143132853	8.33780221462016	10.4168614516398	1	1	1	1
5.24428618833822	5.10743064867806	2.59142997508634	4.64846715680637	3.43838969603623	1	1	1	1
4.14931859026199	6.68533801677368	4.4136031373677	0.881713321264562	2.79004296795042	1	1	1	1
5.41536253657401	10.0536821620155	11.6603731080917	13.1977403438911	10.8973767056809	1	1	1	1
5.49409273005789	1.1583962961964	0.378597057743027	1.36518409466883	-1.2510297347244	1	1	1	1
4.34430150110529	6.17879025890913	5.94727098278902	5.24763609586459	6.54948295177977	1	1	1	1
4.80613564269428	3.91081574547079	2.80184839389152	5.58875478989937	5.80039043143388	1	1	1	1
6.73363345222939	6.47934911471955	4.10106990042229	6.45187641933061	5.1518491468704	1	1	1	1
5.47238594659868	4.69629157291515	3.84246057003011	4.97068171739734	5.42689124328339	1	1	1	1
7.17328190404866	3.05745234157826	5.47131655315131	8.71314969969562	8.34409748296553	1	1	1	1
4.45698929185569	3.71521348546985	2.00694340430862	0.862322648746001	-1.68777076199771	1	1	1	1
4.53712673517532	3.09011113576873	2.25270399889937	1.93800676021374	2.82096326387295	1	1	1	1
3.87411455270245	-0.233000842802883	-1.03235911814023	-0.0825568852714539	-1.84009391570012	1	1	1	1
6.31500039009574	8.00330513571243	8.88757128592236	9.8286850351733	9.8304146434946	1	1	1	1
4.79635957262958	3.41874505792271	1.05409670944664	4.01095047461577	5.08716372281648	1	1	1	1
5.01424568417574	2.35501748090492	3.44411541678927	4.55496657783525	7.17746684403881	1	1	1	1
5.77898659237032	5.31590772264276	6.23836844610487	3.918985624511	3.17065159179241	1	1	1	1
4.91364958630234	2.77051023694484	3.30830259912635	1.75568150476907	1.18493903130157	1	1	1	1
3.79250154930918	0.56714653730794	2.45952067441353	4.36149529517043	3.40284836789823	1	1	1	1
4.74178870112748	7.59613952986533	4.52357337979974	3.26519876310584	3.35063427775968	1	1	1	1
6.70057395853004	3.19764509024215	2.69660894444534	4.01298071908823	4.12531846924385	1	1	1	1
5.37864959785202	7.36623079938709	5.88712292165982	6.52158353100627	8.82467657342304	1	1	1	1
4.92913021228629	4.65373148706516	6.26783127047097	6.69885668048721	10.7991204594771	1	1	1	1
4.63239442109181	3.82519915244751	1.6466877882568	1.57634988653282	2.40259960895734	1	1	1	1
6.39421738119295	5.89492421883447	6.26738630204268	6.17706132585203	3.26652030683963	1	1	1	1
6.99509912837122	6.0159835989662	7.63577862786998	5.37560261555448	7.84366826204798	1	1	1	1
4.69265620058831	4.68437104450939	6.53477238690819	4.5515584476582	3.99845573324162	1	1	1	1
3.9640465623893	7.97833175945036	8.5631601553561	7.35862122814371	7.34639990216847	1	1	1	1
4.59449747335737	4.0376897919377	4.72252415015856	2.38237977095052	3.91073680992962	1	1	1	1
6.152053963752	6.19634109333113	6.66529577440496	7.46536709432109	6.50684806807253	1	1	1	1
7.68742490645986	8.36554357505454	6.92887656725689	3.79233191235688	3.75518272147813	1	1	1	1
4.49543400082184	5.49966213231127	8.74487884795793	7.07251451282877	5.25987371381875	1	1	1	1
3.6733610103389	3.12955057720478	2.41709200382419	2.52823048986468	1.80811991248514	1	1	1	1
3.6916986751236	2.38587189367558	0.0845230122126313	-1.58195936569098	-2.1091249896096	1	1	1	1
4.60666948559249	9.1515888811659	12.4884585235079	14.4841476485874	13.8275723650362	1	1	1	1
5.48570361847678	8.83610271537335	9.64526579681886	8.8766454115372	9.44928308130849	1	1	1	1
4.63578847036626	2.98803071351931	2.53836761978663	1.85215199308143	-0.616192813960431	1	1	1	1
4.73396990096842	5.43950544675667	3.23036170089074	3.03892128866654	0.793516314611623	1	1	1	1
4.11829401648032	6.61875828688208	6.62570418487522	6.87190070814771	8.43840333925919	1	1	1	1
4.0427715129517	4.99411725966747	5.2835051019859	5.90973151806938	2.12247036558094	1	1	1	1
6.83613454890818	7.71776318083593	9.28907193872381	10.8734259742015	10.8952166995474	1	1	1	1
4.67435927923177	5.10547548638824	7.10392658287448	7.58699279716061	5.95106088037078	1	1	1	1
5.6113978327952	3.69987900598737	1.05553473928457	0.0785308566744894	-1.7753988389708	1	1	1	1
4.37755494987948	4.80479353518327	5.65102937921717	7.41168892379944	7.13596053808583	1	1	1	1
5.8037635752925	4.59697163299716	4.28886596482172	7.27321793635668	6.64993281748902	1	1	1	1
7.31174138239099	8.25045759829462	8.57011875327413	7.41138690077346	7.44334531190753	1	1	1	1
4.88200995199888	7.61742710532797	5.91704396696208	5.59817640806982	7.44771217992338	1	1	1	1
5.90358413873868	8.05493212904027	5.04767466192166	6.34600685361173	4.97432215594864	1	1	1	1
6.73678687229151	6.395387316028	9.6398153156199	12.0653413944112	14.0992810100795	1	1	1	1
6.47470078473873	9.63866191776693	8.53835841769429	7.92539086196633	4.68567910466705	1	1	1	1
4.87484516239455	6.18409067631098	9.15230451255267	9.03090609972287	10.1034208313749	1	1	1	1
4.11355992523537	4.04608944653121	3.63452533943717	2.49222411148486	5.3095272013316	1	1	1	1
5.17842416634028	6.10988741314784	6.04376348753634	5.15056030084401	3.07358706627712	1	1	1	1
3.88290259930595	4.52072732281083	4.18045813299279	7.0966282162916	9.57653912810401	1	1	1	1
4.81267504482928	3.24743559906485	1.40769462231951	1.35236139525978	2.83086350474656	1	1	1	1
5.00207270588903	7.50407972601013	7.74851408575188	9.56097462193648	11.3913108752226	1	1	1	1
5.09393188212071	3.68134009446603	0.906359758633901	0.390949087787003	-1.26120928254779	1	1	1	1
4.20527316525677	5.55287233117506	8.7316247494062	5.05363498275654	6.33400128419693	1	1	1	1
5.25486064021501	5.45478257498799	5.36692956747639	3.70087053937526	2.53065969076487	1	1	1	1
5.00539706373051	6.49227769977516	7.46960894292066	8.10113789500753	6.09886639835326	1	1	1	1
5.09628163504141	9.23402661386311	9.52221891680102	10.3988662697385	10.9848147961281	1	1	1	1
6.52876701704462	7.42316201057543	7.58809468915593	5.75552616133592	5.17716333575023	1	1	1	1
5.51604577680456	7.74355990482284	4.32070651951806	4.02572514696001	4.45822609765091	1	1	1	1
3.01999040969786	3.04903899403726	0.356091833665179	-3.86994692417582	-1.65060065872929	1	1	1	1
4.93000797332589	5.40378981803851	6.75982408878417	7.76976661900172	6.96082999682119	1	1	1	1
4.9425179990158	6.12286220399377	10.1145123957475	11.8644735187899	14.1055954127722	1	1	1	1
4.48358729754797	6.05238872894409	12.1346899658024	10.8837720639334	12.0066489118368	1	1	1	1
5.05380416370134	6.40630046874361	6.15226429108774	6.83050694400371	7.59952315298493	1	1	1	1
4.80115375243789	6.86211595072175	6.14811930024823	6.96044990360047	5.51883940582235	1	1	1	1
5.80758033420725	6.33591426731936	5.1501828613189	7.00298430450912	3.53590676505339	1	1	1	1
3.69219508158011	4.63159238467002	4.97954288888486	6.30742625295891	7.40653746258553	1	1	1	1
4.91821211824531	3.66330889809192	6.61928603850832	6.84765072368341	9.15206458138292	1	1	1	1
6.57754734957029	11.3448415606834	14.1525726991156	13.66538883392	11.7476670172857	1	1	1	1
5.10361545738147	4.85245635874567	4.90492089388046	4.35300846058455	3.60768490157172	1	1	1	1
6.57121682323029	6.24878099654605	2.88916415450998	3.7322456880757	1.97495817893772	1	1	1	1
5.61396596421933	6.78861272532517	6.69586087829837	6.61847182037515	8.83346912249386	1	1	1	1
4.68843012562164	4.2040966874928	5.69393165966046	3.16265781538694	2.39778863070649	1	1	1	1
5.03803246349748	8.69363605180078	11.0992257848533	10.3198343974096	8.9915672574541	1	1	1	1
6.0744766957206	5.46830259708492	5.4259133996445	6.78455272019298	6.04218578627502	1	1	1	1
5.66747328758187	3.05036401886361	3.0907877932675	0.201637850445034	0.065793025973066	1	1	1	1
5.64481889989387	3.95228124044807	5.76448434147974	4.3237668987596	3.53276915589076	1	1	1	1
4.26206915959323	5.91147783233752	7.78831053190072	8.92079332221928	12.0972613294437	1	1	1	1
4.22860242252026	3.9650368173904	3.1939853046928	2.067743093793	0.517040284323899	1	1	1	1
5.44479283866767	4.59812852961784	5.71009926081187	5.30529157426928	8.27068883486892	1	1	1	1
4.11015278168624	4.17319711634015	4.85642186569478	6.1537161701121	4.41827244761636	1	1	1	1
8.96377527168004	8.00221729296348	8.47366294251596	7.36454549179103	8.26379617683749	1	1	1	1
3.68302421943687	6.51746957224232	4.59749352013269	3.85572108517743	5.65754436783842	1	1	1	1
6.05754747742345	5.80764683644962	2.85920178540165	-0.164857761528471	1.90914893299798	1	1	1	1
4.08474062619075	4.66543015708645	6.11632300607711	6.87987784882481	6.62213629700517	1	1	1	1
5.34701880542899	7.54682116307502	7.79862711993531	8.75529922879691	10.6377743423368	1	1	1	1
5.90668316178696	5.75895347422478	7.87815175657457	6.65420113256001	5.14712019746785	1	1	1	1
4.49228290768145	7.25835620129372	7.1800195253268	10.7101321668377	8.72433925385783	1	1	1	1
7.45812530890217	7.97456869956748	6.16181331458808	7.08081380954231	2.33392019820055	1	1	1	1
2.166356525672	7.03877198697343	8.78618371228723	8.89483208027021	7.62757176177687	1	1	1	1
5.22854385359641	2.64580912744141	2.79202563298665	2.00075746810635	-0.254184845450189	1	1	1	1
4.49821534873164	2.72498730984353	2.79904837792907	2.16220705616342	0.229801139118021	1	1	1	1
2.9064978310791	5.02006752068749	2.6658212546855	3.90288860042916	4.08301384435383	1	1	1	1
4.50462535566831	6.96552896237045	9.31568408061512	12.612832363605	11.1268782433633	1	1	1	1
4.34307857547016	5.34265717289347	4.93425461644571	2.85009146657402	4.25521689947235	1	1	1	1
5.53683541099026	5.87119671100469	5.17979755895163	7.03772623276116	7.95909490140575	1	1	1	1
5.54735598383749	5.99205145270108	6.04374373209943	8.43529416035022	5.47112577145675	1	1	1	1
5.66166429115282	6.85575065745104	6.07409776314225	6.86923711719514	10.3739087162527	1	1	1	1
5.29168947951486	7.83427079344472	5.31515348535736	4.32039927547298	5.9539550028435	1	1	1	1
5.78109469064203	5.67653985526371	5.56789384190049	4.55715187028134	6.76475446049566	1	1	1	1
5.45768312257323	8.6348154017306	9.42991885619972	10.9799081652612	10.9232511632731	1	1	1	1
4.43893637864495	3.1039973146582	2.33046832744289	2.15398238473056	3.36884313836482	1	1	1	1
4.49279225010695	3.6336972602967	5.61541282277245	4.08852317227215	3.55068568552412	1	1	1	1
4.90677132299717	3.57695796510642	6.17156780920023	5.54222584495499	3.95697875737362	1	1	1	1
4.69689911718535	3.9961385847499	3.98799823941033	3.99599044768387	4.03028903219255	1	1	1	1
3.71667567603561	0.489865573278864	2.78149326166548	3.57916574718377	3.51614905132967	1	1	1	1
5.67765416772856	5.73603936014619	6.68238670478333	5.72460870565998	8.31234837760395	1	1	1	1
4.78823678206345	3.05392002986791	5.68749008355891	7.15213522583528	5.65892420068411	1	1	1	1
4.74002603393772	2.19134782560085	5.44323809416522	8.95697631782462	10.8110886733734	1	1	1	1
5.34109084020114	6.4759804966918	2.65616603417591	4.18773429590733	6.00472516435561	1	1	1	1
5.52320077544887	5.14301728944386	8.71810245043959	8.52775261769747	8.27179170188348	1	1	1	1
5.23433660157194	6.87181234697531	6.62480399732977	6.85464055080988	6.59426457860541	1	1	1	1
6.22637876486991	6.36449560694289	4.74128064610316	7.02052532551852	7.8502624574154	1	1	1	1
7.08911591348779	6.56988887065929	6.00675113259706	7.49145958336086	6.98855410719185	1	1	1	1
4.10165534722426	4.44009807903756	2.74977603697499	4.8181007338939	8.37705790093725	1	1	1	1
4.74913890319926	5.418623978877	9.20727743384439	8.60942031950628	9.29511638228512	1	1	1	1
4.39994156229157	4.62186898576768	3.84590233913283	2.46058039815407	2.7419834738226	1	1	1	1
4.23208122205374	3.83874279817445	0.877150185039338	2.75631633937357	3.57815921669872	1	1	1	1
5.15573253625597	5.36708569266409	2.61653559837258	5.75454868622463	5.91216487464892	1	1	1	1
5.02529563842761	4.3698708442685	6.72560324411131	5.32644713746543	6.68299921238637	1	1	1	1
3.14908107503627	4.70840969690387	5.22598686996446	3.26100017149532	1.91837106001764	1	1	1	1
4.88284121542888	10.0110966988388	8.48046714723975	9.013316640535	11.2960148810749	1	1	1	1
4.25614455727982	6.78825672575215	7.38666948801822	7.67289638124315	8.19664165176601	1	1	1	1
5.67085867505841	1.32999946575234	3.99146421154006	5.04716998539166	5.90726136204376	1	1	1	1
6.36808923718265	5.91204694546504	1.62692450480048	0.369424846415445	2.72939867309808	1	1	1	1
4.59197887896857	4.74932857429321	6.13910073000173	5.31555837234421	6.08553121006863	1	1	1	1
6.095949424625	1.85375283822329	3.89320524670061	3.97675634758062	4.78505584837569	1	1	1	1
4.84026728943013	6.42617767795928	6.07848080812875	7.26254099413397	7.89225225118805	1	1	1	1
3.19334156433863	8.09163572048182	8.09161832231887	9.13069968723235	6.79412905903014	1	1	1	1
3.72105878291977	6.37756603007035	7.27051491817468	5.39240038068815	8.11841083892578	1	1	1	1
6.09190063258694	9.65511719946942	8.44106280028636	10.0579910338147	8.39460547191382	1	1	1	1
5.16976518415304	6.59428350696236	10.1174282805545	10.7879295166776	12.2577904855394	1	1	1	1
4.93238974321206	3.33652030274729	3.77062163337517	2.43021364063854	4.48807633542811	1	1	1	1
4.93179078990471	6.64004071427016	8.63080763887298	9.27150618519769	10.8908635342388	1	1	1	1
5.59229632138633	4.52355769280961	3.73510962995233	7.18392401332365	6.6215618278231	1	1	1	1
5.4300670395701	7.72174920604746	4.69096108476855	8.60930191156062	10.9366714263155	1	1	1	1
6.37457796420273	10.0837876975452	9.31857766207652	11.1817573631148	10.8811761003844	1	1	1	1
4.64758854635072	4.8360415696502	2.0007522907935	1.02826436040337	2.11132384192965	1	1	1	1
4.00358224926999	6.8663767745857	5.8707881239567	8.3122931120596	7.70876153556466	1	1	1	1
4.45170062660347	5.32010277300952	7.48071317581634	3.519883744824	4.4429306907729	1	1	1	1
5.42066503816243	2.53159936106349	3.02249038078136	-1.36696448176504	-0.549515707058142	1	1	1	1
4.68523520436717	4.75242484334698	7.06961080662038	4.68156218583064	4.83912451020651	1	1	1	1
4.21834649973668	9.76341694974121	11.3485048174731	11.2252002123543	9.48771823467832	1	1	1	1
5.70743506353653	7.70006774969164	9.63410246817275	10.0726338331978	10.0251239743464	1	1	1	1
5.45277007201885	4.31908468369823	0.883847687717136	1.73642150853267	-1.93307680149685	1	1	1	1
6.19313876162205	5.53228890184517	5.25959983892033	3.92396514458946	4.69883648420974	1	1	1	1
3.82891536354598	4.3283489611348	5.55913843723728	4.73213327236115	7.08760909435113	1	1	1	1
3.57500728395072	2.80715897353107	2.35508570249136	3.2822675564849	4.66911149780118	1	1	1	1
4.61616827498976	9.67824216980543	10.030492309388	9.96637997039977	12.9924786358153	1	1	1	1
7.29998957451106	9.16174913781869	6.29727948894171	7.70634542169065	7.69597020102935	1	1	1	1
4.65568782704468	5.85357443615413	7.98969967555069	7.94757255201546	6.55679452765113	1	1	1	1
6.94405261451328	5.4645405841316	6.62112254342405	6.62213213606777	6.21552300186815	1	1	1	1
4.69121986766514	6.69190600748582	8.05531976024393	9.49777047132908	10.9484467525993	1	1	1	1
6.12624120911048	6.81804933946911	12.7172494257263	13.8546723521826	13.3994547192767	1	1	1	1
6.20413627630454	7.27733747079371	4.44332480987453	4.54954036458596	3.8944107015962	1	1	1	1
5.72790662691546	11.3124983081768	11.0739513889423	11.961964191604	12.3873305450626	1	1	1	1
4.75705489686433	3.80617580963264	4.06380435652649	3.33503285101953	4.59430959473772	1	1	1	1
5.6824925913496	6.82717229286687	7.60665219309276	6.68609558323458	7.89160457066784	1	1	1	1
5.26977541209412	4.74769823805266	8.06923794616065	7.59113517686425	7.62459625655857	1	1	1	1
4.30138220538198	6.79344160116941	6.61136960408453	8.65379882257346	9.13387638323861	1	1	1	1
4.15023442947468	3.78489380678662	4.70529632953672	4.10368419084716	5.31700362008575	1	1	1	1
2.23664074978505	3.7927668979551	1.88703557021733	0.321078217384716	0.10675785009427	1	1	1	1
5.52325147746844	6.74087511208256	3.66176159990999	4.69461181090966	3.43586134185463	1	1	1	1
5.71238324736254	3.20641412129445	2.39956367500433	1.56756770490585	0.868561250554968	1	1	1	1
4.11363736205152	6.5094201421755	4.92329709357457	6.3166868661696	8.58326078097836	1	1	1	1
6.98733386289943	8.33141500710403	10.2889041089624	11.0900747565198	10.0329992390634	1	1	1	1
5.48616029724942	4.55800094637484	4.60465676928168	3.00026282518957	3.23642812808281	1	1	1	1
4.69351151847543	4.18356348655082	2.79476810926305	2.25778620301689	0.563229436736946	1	1	1	1
4.62165696794633	4.35657320526857	5.20433713220258	5.51819037039025	5.83591733927095	1	1	1	1
5.81305464395822	5.85535547525359	6.17569357681913	7.93507783950969	8.95694394413169	1	1	1	1
3.41062594723135	1.38064101370152	3.10307100277299	2.90558496822142	4.01456787036026	1	1	1	1
5.07907053685257	8.34074101050369	7.78092723899778	10.8698282599312	10.5266897646398	1	1	1	1
5.3835016741563	5.06792701507485	2.90005900383939	0.726702195947128	0.380439457797803	1	1	1	1
6.08818240634354	5.12881999384998	8.71511065193228	12.9760959940854	10.2436283060617	1	1	1	1
5.92182230751522	6.02127383424504	7.18033464524207	6.35228865424251	8.49774885110799	1	1	1	1
3.48248810885429	4.56011825180596	1.97058234268244	3.74943321119547	4.82934580960777	1	1	1	1
4.83960924496271	4.39028388756218	4.27511827452295	5.53606381114497	4.32360241469621	1	1	1	1
4.4755410020475	1.0737866245086	1.83212041463246	0.59851284214976	-0.591946712668503	1	1	1	1
5.96821909549186	5.96447550588747	4.0775771850625	6.28169442275053	5.74150879650796	1	1	1	1
6.75873162534949	9.72490360761988	8.11871245775114	11.1670749842628	11.2466115535183	1	1	1	1
5.28107961359375	8.49037771243562	9.42343110690013	11.520496743682	13.1384587130709	1	1	1	1
5.56001399638529	3.61440289701826	0.609623461238384	-0.71403683260742	3.05824644745159	1	1	1	1
4.2840429322781	5.73431811693002	6.37311262719963	7.30744120228691	9.13908897621034	1	1	1	1
4.34965566700791	2.81605356737024	1.22237500445233	3.65076340480896	4.74265652540797	1	1	1	1
6.12395053226238	5.15218899061971	4.12271702656835	0.371880741036553	-1.0252206759499	1	1	1	1
5.01582145743919	5.45967820261242	5.06618015580543	5.73341088210061	4.69658512285013	1	1	1	1
6.91120181912728	9.18202946546692	7.59663966852941	6.04362321177771	8.26171746428785	1	1	1	1
5.94471053261767	7.34156999239254	6.72957434799121	7.21439112070498	8.85409276367206	1	1	1	1
5.53194716104544	4.08628641257114	2.80979887256619	7.41933211441476	8.21637602927145	1	1	1	1
5.74258937965155	6.57628052431802	8.09428273082813	9.12030467476363	9.74050710506072	1	1	1	1
1.69183193363665	4.13566529693443	6.77430091029521	5.39328761631679	6.98545607515172	1	1	1	1
4.04915371750208	6.60170438328409	6.7792367961354	7.55782184235008	9.89176431803879	1	1	1	1
2.98534144288408	6.88059890360444	5.65436466683797	6.79716534999016	5.92919736650865	1	1	1	1
4.28512789727859	6.86195577281066	7.6968467137377	9.00981608577259	5.94878762152676	1	1	1	1
5.56771825417271	7.11329398001239	7.62800551101633	7.1796650173203	10.4318296467166	1	1	1	1
3.2182228434117	3.31248838811134	3.77221114739578	4.5837519673953	3.93198111279507	1	1	1	1
5.80522297439572	4.35387404517646	6.87626837654688	9.31811277331504	6.86272707053929	1	1	1	1
6.39991936773162	5.25743880850034	4.92722745796388	8.53270690800537	5.72387101985731	1	1	1	1
5.05712933315549	9.9280683583621	12.2938336593238	11.2526923840313	13.5169822879438	1	1	1	1
7.26114365819535	8.14954482581994	6.95157898995266	7.66498133653398	7.88023216477261	1	1	1	1
5.63647099428799	4.25438154724954	5.80194336783595	2.90225778269021	3.48905459795199	1	1	1	1
5.3574361559903	5.8900968875047	6.25783437974274	5.97936023871686	6.45213186207706	1	1	1	1
4.9616281497082	4.8509782818826	7.24800921590549	5.49763864336381	8.32971237305371	1	1	1	1
4.90527722730296	9.30201617038335	7.77394855096957	9.06839122559865	8.11817943888691	1	1	1	1
5.44678922943664	6.85809798613733	9.54431844378196	9.61206442380971	13.0484160910226	1	1	1	1
5.57620826494182	5.25180058627852	5.54408092636808	4.35504184868837	4.93374481483555	1	1	1	1
4.85645977834081	1.99425511243206	3.03820176460861	2.42550283285549	-0.0883821159571898	1	1	1	1
5.90268215551726	6.17345924047424	3.00608000888687	2.42350716044087	2.27514669157756	1	1	1	1
5.03100213617827	7.66342616350999	12.9676890806328	15.544753743871	18.9178525903964	1	1	1	1
4.7067403678142	5.66743223507978	6.02930246640132	3.12078928754696	0.722592230513458	1	1	1	1
5.77206535741409	3.47384404334581	1.61346420691035	1.84804495189903	3.09023659246204	1	1	1	1
7.10574287271989	7.52302874694524	6.29202424153233	6.57492301007486	7.55900018039945	1	1	1	1
4.53530072116318	5.0839278419502	3.8533440911823	4.65263948961535	2.9722587053625	1	1	1	1
6.61253733941408	4.2052382458561	4.81514338772511	5.34413090562579	6.92480802079892	1	1	1	1
4.70546648243505	3.65429299271879	4.19202129822006	6.28337013070093	5.11458067595407	1	1	1	1
2.87910170301716	4.83910888345591	4.13812697452135	4.64807728652289	5.30338729579778	1	1	1	1
5.44353689369504	1.71829375053964	2.99815428545902	6.89605404286206	5.86822434487476	1	1	1	1
5.67812811902252	5.66631537252695	7.11009534163429	8.14442933268594	4.28838694556181	1	1	1	1
4.54041658727555	6.65958934234604	7.13556409280555	9.82185637197157	10.7335426941408	1	1	1	1
3.16080069606982	2.60315703485434	3.56943976744212	2.73641182078181	3.32766002831095	1	1	1	1
4.30174821139442	8.00250938630662	9.78859513818622	7.48698414836358	3.64963150927519	1	1	1	1
4.98180126373228	3.08036706182474	4.31025343370071	5.02825493526716	4.58214962006856	1	1	1	1
3.16701996795729	2.36004706883573	4.56185685542848	3.81235079463107	3.96407358261917	1	1	1	1
4.92249098686955	4.31806036842956	2.80285903298794	1.80666588866988	0.528323496704658	1	1	1	1
5.62589920617314	4.06192989857081	5.81392944240141	6.88338005206267	4.17491714277041	1	1	1	1
3.82089213400077	8.00233888425312	9.0814782191648	11.3889671184329	10.9703290956549	1	1	1	1
4.01906793641577	6.35440187770468	5.66415457272799	8.85841784840078	7.81505941077669	1	1	1	1
5.35844175500234	5.4712783658555	5.50523742504993	5.42468315114662	5.38140504764092	1	1	1	1
6.12823676863886	9.01797200898876	9.41157660736968	7.63858316641671	8.67244416789533	1	1	1	1
2.90842138182487	2.98348317057652	3.0576290172169	5.34372736780412	6.08321592050696	1	1	1	1
4.54309197083981	2.72239619081195	5.26336233237148	5.36423565146926	3.62805969336338	1	1	1	1
5.4492116611782	4.94024971576655	6.03936012342168	6.91041483551321	6.69431594871052	1	1	1	1
5.38215944637573	5.73912397714167	6.70358059977833	6.56296855309209	6.58339650512083	1	1	1	1
6.21236166769741	11.9136865610738	9.48139151863857	8.88986061633764	9.34983795197417	1	1	1	1
3.74502231183881	4.76116321668157	7.201737229253	7.86494115532262	8.48438716360262	1	1	1	1
4.0873662252483	5.88108929507382	4.20459977079554	7.61266684505571	7.40835479516551	1	1	1	1
4.71284593524307	4.09923608393297	5.55168215628238	6.25890545566372	4.74470562190303	1	1	1	1
5.88822962168642	4.18413636699948	4.45169010146467	5.03647196975662	4.59610944354186	1	1	1	1
3.70098963904407	5.80489764901955	9.16531325565062	6.70482234274643	10.7502950935024	1	1	1	1
5.20509182843119	4.62806240286475	4.50045836148579	3.4814563699197	2.01439400876586	1	1	1	1
4.5197121105543	5.25763988490523	4.86838875844413	7.99729112524046	6.69313322693502	1	1	1	1
4.64302581279316	3.95928185053172	4.25583594768059	3.65095803793822	0.54348005436449	1	1	1	1
5.27654073128547	7.24216406228274	7.40839282339085	10.0764174688399	11.2888204022534	1	1	1	1
4.15988096124547	5.21984196358635	4.70749471832829	1.19051948972774	3.03489701924738	1	1	1	1
5.02191192917505	0.215073051433868	0.861384257637064	1.87491669449607	-0.3244270494552	1	1	1	1
5.23651992562349	5.26378060026863	6.37387429012548	5.71750910023665	7.42838531018172	1	1	1	1
3.45779644564169	3.89680813116021	0.287457580736528	-0.277568883308561	1.83443372347149	1	1	1	1
4.28121094117204	6.16421580600018	6.84343190799902	6.21710610411597	3.60048408900083	1	1	1	1
3.84417971728761	4.72779013741793	6.00658066960182	7.81628310727164	9.64353148777129	1	1	1	1
5.55348731797302	7.77037023712274	4.73122062715315	4.17628440809036	3.11728635720458	1	1	1	1
4.04720365518607	3.02245069446738	2.00862355137915	1.19751348859176	-0.534291029616491	1	1	1	1
6.25546151816155	3.60451606729077	3.86456370880066	-1.00569175989297	-1.41288169311464	1	1	1	1
6.65265464449974	3.90061861624352	-0.726716323952203	-3.45874485020703	-1.25643962104077	1	1	1	1
4.50002023964475	4.31989234932161	9.84850532492377	9.25268849692158	10.0717585789299	1	1	1	1
3.96103151026353	5.8807373236842	6.67148459413597	8.04523743857817	8.56662041526744	1	1	1	1
5.83447917685814	8.90658515094671	4.58329024638492	4.38416956061208	2.04305491206909	1	1	1	1
5.96240407291355	3.83465319936325	3.23149953490694	4.78104328897649	3.19572773248983	1	1	1	1
4.22726566795424	5.65759632475498	7.16103387780677	4.63845587963927	3.3152358653042	1	1	1	1
5.37962610673239	6.81469621744432	6.81304399389697	7.43064350079744	9.1198841887026	1	1	1	1
4.6365174664569	4.84308801482554	4.74374014692256	2.61792776187845	2.62425003484442	1	1	1	1
3.49955464622819	4.62822556210967	4.83823951813406	5.06931778898257	4.31460117720388	1	1	1	1
5.14149274558291	4.99160821396752	3.92579902704157	4.57639220819797	4.1111055723939	1	1	1	1
4.59916847091454	5.81914576726361	5.05433269598176	4.02999928636729	3.16470000623416	1	1	1	1
7.09036399719824	8.13862681922925	6.56419413541724	7.70016236925502	5.49906949327047	1	1	1	1
5.3703502805573	8.27338552299441	7.65610331131487	8.89065859057724	8.91510104667916	1	1	1	1
4.44253649034558	0.120111582926815	4.20323565583787	2.28597452345408	1.19461881202907	1	1	1	1
5.86871996587627	5.65620375528505	5.43448525619775	6.36429818425115	3.4752488741434	1	1	1	1
3.6954405119926	3.87743301735138	2.08334421548727	3.15331480149937	3.54507890451151	1	1	1	1
6.36847826331967	11.2250159478054	13.5729511140776	16.8660135430663	16.2856651714012	1	1	1	1
5.98111914467267	7.520618378008	8.25677539761566	8.48779624660741	7.95587330790109	1	1	1	1
5.05422612511004	4.74934917637379	1.55788916494407	4.67962563275106	4.87146160180546	1	1	1	1
5.20516718029489	5.41072809496412	4.65530753772351	3.11941218278789	4.68732910139512	1	1	1	1
5.13978231308295	6.58985520471549	8.18916474473621	8.41642415446519	8.52855580015013	1	1	1	1
3.98622542345242	1.55768103522009	3.20060645312449	3.10373720530513	3.10918979155835	1	1	1	1
6.49305714104992	5.24183514994311	5.88317202507771	7.20012828151396	5.45603238180906	1	1	1	1
4.3043179738348	7.44664450479634	7.47423349294104	10.0420860114815	10.3325730945998	1	1	1	1
5.29972144081586	6.17389016719744	7.39316136304842	9.65254738520996	7.44996187024735	1	1	1	1
4.68335349361909	8.02973661057234	6.80471442040485	5.49530619899644	7.61247213979077	1	1	1	1
3.76089461482242	4.90230372092775	5.97622324444878	5.83718866924295	6.4477896032801	1	1	1	1
4.86790158029933	3.18308158107533	3.0426331676891	5.44797766081168	7.38934517188521	1	1	1	1
4.76165362799499	5.54676677194294	7.16730560526449	8.64612585564275	8.59798287058011	1	1	1	1
4.56566630785419	5.38815628819887	6.43539876319536	6.65135688402907	4.28554643858145	1	1	1	1
7.39915193030746	5.58622890058289	3.22646584952085	2.06218547729732	2.97418485679374	1	1	1	1
5.10489483538442	1.47431804279395	2.66758455389718	0.267842490663069	1.86520525402325	1	1	1	1
3.47217965944962	6.52479862326582	8.140309120124	9.1096471419569	10.4027240931844	1	1	1	1
4.02225355107199	3.24969227784399	2.64188673116083	2.4578694243733	2.15818034777665	1	1	1	1
4.16578274997043	1.84468227948047	4.67151526776628	5.35254071618581	6.88196405155758	1	1	1	1
5.68900346119844	4.49613149583885	4.88978961675699	7.74646138241634	6.11382599861268	1	1	1	1
6.28364161888797	6.77180849450244	4.31936426342334	1.66337694854853	6.03837544648939	1	1	1	1
6.46179100450314	4.35790775244582	3.34421204663693	2.52146000378351	2.88010476939432	1	1	1	1
3.96480549842061	3.08933067340111	5.20359007378186	3.58816408342037	5.65452139678628	1	1	1	1
6.79073940415936	4.72801431638326	4.56200905920942	6.12340386143631	5.20440265946173	1	1	1	1
6.22230953824138	7.12562517467483	6.09000664849597	5.85728327466506	4.81240412146084	1	1	1	1
4.70351455922613	3.77959771138959	5.10166113998082	3.69262813406851	4.37523329568473	1	1	1	1
6.39433231548009	5.6820200566913	8.48926198015571	9.81797011394797	11.2482554401927	1	1	1	1
5.91812368352054	8.07897272766964	7.08372100924686	8.05779981965185	8.39026094664126	1	1	1	1
4.6662879890837	3.24929329747917	5.30978012914851	7.16766891556352	5.07594428749162	1	1	1	1
4.54408851799126	3.68202477027291	4.73093848360151	2.84790970575128	3.25091852531123	1	1	1	1
5.92534575152043	6.65893543065468	8.78133791188319	8.86399067516961	9.54969940819857	1	1	1	1
4.2925127706004	3.67940806958554	4.9824884222107	5.01606535972183	4.80307561985286	1	1	1	1
6.57562204581689	7.53323163624359	6.18049555873364	5.97223597699935	8.42743513410415	1	1	1	1
4.82207702485996	3.66367982873345	5.7386170330584	7.09064448478113	5.30750081855236	1	1	1	1
2.13695850678831	5.3365592959123	7.86081818166049	5.06906971557752	7.14220391456486	1	1	1	1
3.22247591051528	0.589238854115609	1.5145788528478	0.805837696529564	-1.24051846840102	1	1	1	1
5.252873533032	3.52056762391723	5.58127089604778	5.64055975689642	5.89223282279782	1	1	1	1
3.11579710059905	2.24079985483586	5.90506389503536	2.78563306487064	3.20144205900417	1	1	1	1
4.76478977498765	5.36441535317285	4.94479229850811	8.46111473778313	5.13607839766232	1	1	1	1
4.35031454092886	2.43059361487954	2.52365289037088	1.55370494554083	2.73278438644893	1	1	1	1
3.97005815640832	1.10393670518992	-1.98178539727228	0.314732885128859	1.57202112519088	1	1	1	1
7.31241863032737	8.74041633404509	10.6507103909971	11.3006823204647	10.8072983850303	1	1	1	1
5.48038424038172	7.2049347651449	4.56026995256055	4.92481915939041	4.73951832344253	1	1	1	1
5.81997269941656	1.59309467742802	2.65336494883526	2.3219370421244	1.60543207230635	1	1	1	1
5.74864648760376	10.0088239272594	9.79192952717351	10.375998212793	8.60055802469488	1	1	1	1
3.95983241521187	4.03584801041303	2.18114141904076	2.91154352017721	2.87933331132391	1	1	1	1
4.83817289024919	9.15498428145681	9.79864927772991	13.2779496624137	14.7046805032522	1	1	1	1
5.66614938881212	3.61381727255158	3.15063946972615	0.466802325134532	-1.49016614461472	1	1	1	1
3.4545967099688	3.25347129075823	6.12971908894969	6.59107060412978	7.63061428580336	1	1	1	1
4.24629228074171	6.59497479270853	6.3660278679559	7.05257580108018	8.62498467938556	1	1	1	1
2.09268564008916	3.5092465562231	2.62895152738803	0.457275689352502	0.242402363927134	1	1	1	1
7.04457141102538	4.44674164457826	1.91864704439785	3.06497757758818	3.27406948696097	1	1	1	1
4.6677365789018	8.23276064857142	7.58226745145747	8.2810978609888	8.91460199554198	1	1	1	1
2.828402128849	2.40817187309595	3.82041803291101	4.19207436704504	3.60519446371269	1	1	1	1
3.19996055351603	10.4805341374357	12.8908234589943	11.0420690805094	12.1255797100223	1	1	1	1
3.97293434870125	3.63230054628258	0.911057772298764	-1.24501265928313	-1.94282026457562	1	1	1	1
4.20191312386338	6.2657127466516	8.61966756200177	6.87774484467975	6.54713644133684	1	1	1	1
5.52176016374124	2.94603584046344	0.997553214876563	-1.8769699435065	-0.231438876931243	1	1	1	1
4.86653603924014	7.55748829044428	8.0479095939892	9.08961363219934	12.9902849654945	1	1	1	1
4.93509729886588	6.10966883051772	6.41990290926934	8.39728088733531	9.82111172841193	1	1	1	1
4.51298438872272	3.83926443426924	6.13098263907561	4.28124850872622	5.56924510854266	1	1	1	1
4.1863073450209	5.39241016761379	6.10843646673189	4.40762760707739	6.03327571682709	1	1	1	1
5.37007815219618	3.5913877366221	3.64488168406823	3.21707974807697	4.59347436451775	1	1	1	1
3.66872714892138	3.708593599544	3.32392689535388	8.14015701665405	6.62800007125599	1	1	1	1
5.43590912951833	7.10084868822166	7.36121308743526	7.73061715608374	8.95924165735299	1	1	1	1
5.09863647552191	5.65449438810941	4.93348736976996	7.63238225401391	4.23469409363796	1	1	1	1
5.80403406568896	7.68201424733229	8.04811147784545	6.2483404905978	5.26684355806339	1	1	1	1
6.26712301570103	2.19769455492391	4.71391838393262	4.97036566345957	3.60986723778684	1	1	1	1
4.08978882505494	5.27278949778791	5.60959360638288	4.85589344408104	5.77727914617519	1	1	1	1
5.57172549192638	7.92173659491105	9.32358927820793	10.0518088090247	11.1245240466151	1	1	1	1
4.6753525882897	7.86048455899386	9.46679711405559	8.89044840371124	11.6366297680484	1	1	1	1
4.59088861218359	3.98135961264293	6.27943716067511	10.4898150700526	10.4116280886775	1	1	1	1
6.88723354556891	4.33129246843572	3.73972942125955	5.96016243307416	5.62880132398781	1	1	1	1
4.57580765456322	6.64302044795645	6.34878421253276	9.01381458269501	8.29683672406585	1	1	1	1
5.71101730055372	8.16900239189725	9.9561185042149	8.89003972813955	9.62760801110645	1	1	1	1
4.32678786485591	5.81014419634925	6.48351578339535	9.25171693440586	12.2298469432043	1	1	1	1
5.92474767338139	6.56165486208143	5.41653045511706	2.26247290154796	2.11429458171267	1	1	1	1
6.99871656148165	7.73591653939313	5.3984024681561	4.08960160588352	3.31344542924087	1	1	1	1
3.78450424426816	3.55884469732313	6.29158427317782	3.69644493684664	3.69013695943134	1	1	1	1
5.39117450315552	5.85892269655151	7.09951775559774	8.06797908942514	8.81697986972453	1	1	1	1
5.86776611541576	5.28742115066249	6.78586491456854	5.16687702189491	7.26253065948131	1	1	1	1
5.36004123497466	5.0713061958104	2.57093286511364	-0.888815606887437	0.367624434504451	1	1	1	1
4.64918242344614	7.95679442402688	7.3787828686291	8.22493826038841	10.7012398812217	1	1	1	1
5.39905778319508	6.76506426586909	5.72097669894982	6.65749733485841	5.38409139479191	1	1	1	1
5.70386520861762	7.47956076443302	4.65924159145786	4.4774936362175	3.90775215105753	1	1	1	1
5.32969522177724	4.54148077444719	3.38629777704348	1.80085696419416	3.12045733207528	1	1	1	1
4.90231618955304	1.92314116015492	1.02692147391705	1.97240303598683	-1.98560646955211	1	1	1	1
6.46054001881455	6.19337100820295	7.62955498219653	7.99899674837926	9.92230223369016	1	1	1	1
7.09381655840295	6.13370953364235	8.44594727756355	4.67135243794006	6.44251120606778	1	1	1	1
4.3839098512177	6.55753549066777	7.06243621111896	9.08854745720427	10.1135736803224	1	1	1	1
5.68320252791482	8.61915580396946	10.2849430500676	11.3820486988448	11.4405739290881	1	1	1	1
3.17915969451324	8.51875372720427	9.87802547373783	10.1597460696609	9.87708669848459	1	1	1	1
6.11844202696908	6.03754505779891	6.68035103178615	3.3854028477269	3.94824265109043	1	1	1	1
7.72140420768839	6.58981295279994	4.65392359244775	6.3635524729959	3.70850763801021	1	1	1	1
5.62702448652222	7.6401025402098	6.97582875760219	11.2117615803343	11.3653035698466	1	1	1	1
5.4407181955853	5.85263298839442	4.91155297395183	2.941325954519	6.687091266955	1	1	1	1
5.87214432092822	9.49500513415437	10.1179017852213	11.3192930852416	5.48407416018282	1	1	1	1
1.18643946552186	4.17322508172782	5.59451552277703	6.56305849028402	5.66297996457902	1	1	1	1
5.41368307081884	7.321465406573	8.75189111407311	8.56338432847734	6.93010194981543	1	1	1	1
4.39634973502306	7.62458663394095	7.00351684722942	6.07106637555447	5.84980448497171	1	1	1	1
3.36566960599322	3.36212017522212	1.72157175814137	1.29267266627819	1.47854799748283	1	1	1	1
4.47466861691107	6.22288244914768	6.91992000300228	6.65749147837032	9.95783832014273	1	1	1	1
4.63958484033664	3.86145222577685	3.32897497264575	2.50113053319974	1.00065369532631	1	1	1	1
5.8806435750628	3.68358035703797	1.84047434706949	3.57273084019164	4.20713903075118	1	1	1	1
5.44220855090659	6.23244724424081	5.18942811705006	6.11597841571925	6.23341342060415	1	1	1	1
5.15040520407392	5.88831177566193	9.01598299252943	7.1474935400872	6.25218583899518	1	1	1	1
4.94934757044415	5.92981799379484	9.00854805511665	11.5147618389013	12.031159982447	1	1	1	1
5.72626401877151	4.15628967761643	3.20278755326159	3.16465931358989	4.78705857070398	1	1	1	1
5.45705180416246	2.59568988327929	0.870631812451063	-1.16455910765453	-2.2916481200874	1	1	1	1
4.31183695936306	6.05478774528546	4.47929646212337	5.43098576689669	7.56401824490743	1	1	1	1
4.53294795272961	6.8319353209814	7.5417639989365	7.56238959014645	10.1661417326645	1	1	1	1
3.61166217659494	9.20044618004096	12.4516787858365	17.2704411656344	15.7841269666464	1	1	1	1
5.06475668721357	3.42008552458036	3.73288133438635	5.35854157843768	6.73497728683695	1	1	1	1
4.16699118167954	2.90608553757742	2.88791671462818	1.29614710379231	3.04246394314463	1	1	1	1
4.58082524400119	5.37811063465853	4.18484631258065	1.87506538980816	3.28749438581743	1	1	1	1
5.55411968665412	4.2428772651958	4.75956609580194	5.45507560289388	7.19452169249236	1	1	1	1
4.51652691916031	5.27232746677642	6.26700277165706	4.52234604030981	3.01221710403341	1	1	1	1
5.18416554174742	8.55844582303363	8.66571311484185	12.0041327720686	13.2580127979035	1	1	1	1
4.8041036000356	5.80762411589129	3.04475548177922	3.5903995109987	4.76091306026793	1	1	1	1
7.16430924999162	6.56451088294559	6.8813268887371	4.3245590820441	4.58368925381489	1	1	1	1
4.94298502802379	4.08858759672439	4.38947095763811	5.50784031003937	7.82230446700295	1	1	1	1
5.70035176246458	5.8687308402735	7.09886092635224	9.42741117277297	9.23540704126437	1	1	1	1
4.72651484094973	5.12717304881424	4.11359281282614	7.00099075298034	4.18772095932045	1	1	1	1
5.76675312508934	6.79857280825672	7.45573165132719	8.46214437281506	8.02025803472741	1	1	1	1
4.11267464406381	5.15556332071181	7.47844708870415	10.1542056346348	8.7879115297277	1	1	1	1
4.03811557010492	5.58631049408507	8.0566428337608	8.31677485306992	10.1320044048501	1	1	1	1
5.63743769730518	5.10401188764811	8.06233641714763	9.45902981560044	11.40036777236	1	1	1	1
3.60810973965316	3.47567782053866	5.13633369894339	4.54138019670366	3.66802635388844	1	1	1	1
5.96368835340136	6.46424943009305	6.51331765964528	7.22461076597641	5.32100960371075	1	1	1	1
4.60079150875431	1.79506208453632	5.77376549640248	3.60021633347554	2.26455934894952	1	1	1	1
4.07308657219992	3.27160911179956	2.45964515432078	3.36221410502539	1.80224621935197	1	1	1	1
5.74215048234496	8.1836331690553	7.55691881093062	6.49803689767103	5.08766311167304	1	1	1	1
6.78089643461222	8.90075396179562	9.04332869657971	9.66322656008123	10.9188888399688	1	1	1	1
5.71261953742953	5.87561190028453	5.46616884323426	5.87563504050284	6.12532705885434	1	1	1	1
5.64243892746239	6.15222897925484	6.45049315171854	5.01425076437244	4.66178295595534	1	1	1	1
4.26389273108467	5.64021272214801	5.56861681002526	6.26985761974818	8.59469141755775	1	1	1	1
3.15137546166405	5.42915107620954	9.20774225895715	8.43290048280945	7.00195060977048	1	1	1	1
5.0824980318109	4.10091934512981	-9.77329140522398e-06	0.803446495273725	2.71483223900134	1	1	1	1
6.75961073947969	8.26821636606863	9.220972350151	11.5303973750429	10.3189310060889	1	1	1	1
4.15484563088159	6.03049854449246	6.25365191705179	4.41109736571642	5.22749124927791	1	1	1	1
6.17913062848783	7.47361903991383	9.58782339445368	9.60211772678886	10.2283252235953	1	1	1	1
5.06608657375453	6.29225145011259	7.75067133780694	7.53632145624508	8.85461987828921	1	1	1	1
3.89417134235608	1.29032947833706	1.08372329895434	-0.666121505184058	0.356794090297596	1	1	1	1
3.64728435218001	2.25485085534046	4.57553203078674	4.57681009895711	4.04939964563386	1	1	1	1
6.95399525094952	4.02577248694407	5.25285246947656	9.82641732918991	6.55930072952844	1	1	1	1
5.03889585358389	3.77276743259064	4.85051092609941	4.74120199545971	7.15576057571311	1	1	1	1
6.03387568571147	5.40645375534238	6.7279913737457	2.93970972737012	5.8802947660276	1	1	1	1
6.71533791994434	6.34561775096088	1.76575087299696	0.115073462868924	-1.00540889706392	1	1	1	1
5.99579910404642	6.7606816085083	1.91944229149908	4.51115141707321	5.18678341050845	1	1	1	1
7.00200854892483	9.75322652230913	13.9373946953686	10.787943649591	12.8091188005647	1	1	1	1
4.26931430978695	6.0461180939292	4.13635156714264	4.00476373957233	3.8742160306052	1	1	1	1
3.56759082736722	3.24051395641604	3.90892449447116	5.30551858614757	3.96020256612838	1	1	1	1
5.81162187336035	5.77509960027004	4.35522234100524	5.57796434514446	6.44907223481491	1	1	1	1
2.87052091411442	4.89143776554025	3.25858920887093	3.54732298391908	3.17566942961399	1	1	1	1
5.572851515779	4.4347294744179	5.45593762179266	8.2015314883929	8.75764567166128	1	1	1	1
6.99933281800636	11.4863862575659	11.5088404413547	13.3292703459024	14.9866931752295	1	1	1	1
4.25175193214529	5.22244949262142	6.36507100306057	3.95710140218262	4.53239838740553	1	1	1	1
5.04975710224745	6.73287773241093	6.59188195524129	6.00459408892853	9.91983134506119	1	1	1	1
2.9358239224075	5.54997839446907	7.81511002739348	7.37309073662465	7.19586715814739	1	1	1	1
7.05468281980805	7.04015322118893	6.55187644595391	6.15980022988188	5.05644721304848	1	1	1	1
5.31305261344791	0.267538291040436	-1.77030847696915	-2.97569221647229	-2.04373432385014	1	1	1	1
5.07382809012512	4.24474777772365	4.74429504857711	5.48782839856812	5.55613862118968	1	1	1	1
5.91692683977865	7.82090869660287	5.60438078409629	7.72684256018902	7.16713457025755	1	1	1	1
3.57049570639462	2.70506858929495	1.99067252582759	1.71418455967537	2.20350860177335	1	1	1	1
4.76591505570569	1.79773862655381	5.8396253183144	7.50860874157662	6.29768197454398	1	1	1	1
5.61571284536763	6.87326654681965	7.50963089057416	5.28686574182089	5.02697740881275	1	1	1	1
5.26250780917632	4.39928523265987	4.33179052099584	6.99917404741585	7.3819624343275	1	1	1	1
5.71982609464046	3.66366894479836	4.57082626144876	3.86319685963121	5.44116726717576	1	1	1	1
5.75465314233046	8.7774948266498	8.1699189910172	10.7472413834159	9.70196941185186	1	1	1	1
3.57290137449935	6.38664404160894	8.04424220045291	5.31247296849154	6.95502237590437	1	1	1	1
4.05214884258571	5.68772892065966	7.5509770827876	8.1887822886294	9.47824274175855	1	1	1	1
4.6486225471911	2.65495629505465	2.59811561634542	6.75704564512473	3.95236767579878	1	1	1	1
4.605367637761	5.97464207870541	5.28896920901575	7.58650863834761	7.00083344735514	1	1	1	1
4.864808339857	2.93514203936779	4.07108786574857	2.72396767307602	5.20614628943053	1	1	1	1
5.18870195951431	3.93178745675129	3.65571405420511	3.06700346925538	3.82297709814473	1	1	1	1
6.2251781817936	3.25099086309105	4.9372218909921	5.96033848724295	4.54391512177123	1	1	1	1
6.12519015478467	4.11162660375183	5.79717744930486	7.88241232736875	7.52610166200243	1	1	1	1
3.98135438700473	5.3315349864065	5.82897802722803	5.26183276180305	6.01504366677074	1	1	1	1
6.50200419253889	0.753314202597728	-1.17130201769755	-1.67103636658618	-2.39040465119075	1	1	1	1
2.9647227747103	4.24538253898871	7.68627793097147	9.75579550793689	10.0393062726352	1	1	1	1
4.48793763026503	5.88270131597124	4.92787801566157	7.29760364528409	6.76361520142051	1	1	1	1
6.21295813756518	1.53951743481194	1.98144766101866	4.40207876358979	6.41331375288322	1	1	1	1
3.97426742218824	5.95072514999249	6.44908881755457	9.10374011694606	12.3342753789221	1	1	1	1
5.57965646137783	7.04101127092231	10.5350632052884	11.7646604391131	10.3647236351801	1	1	1	1
4.48028357712909	6.71379588791708	8.08879643758808	6.54540399372488	7.30395595666297	1	1	1	1
5.31267102765083	4.07267413589301	5.28877426376284	5.81019698094104	5.40195636312711	1	1	1	1
4.79808360002252	7.33734135341527	7.55799746037112	10.0146353598485	7.36688070825057	1	1	1	1
4.17869138910437	7.12274962041913	6.88087128403951	6.38239252229836	6.4020144870764	1	1	1	1
5.94847870077645	4.30175820205448	3.86147637852968	5.82291261036433	5.52332702349107	1	1	1	1
5.90041403107469	5.10039063594745	6.90511647181563	6.21612280744726	5.72799876658557	1	1	1	1
4.86075166523786	3.02180732697064	2.27189724740036	1.60132461798569	2.61869543680338	1	1	1	1
6.41058145217068	6.2163158746628	4.37924989519816	4.19624451363069	5.21824332750467	1	1	1	1
4.67566608906658	2.33456568711155	3.49084925098641	6.73333354847921	8.34630238366742	1	1	1	1
5.10753174420722	5.23328966539251	6.91897915865731	12.0856674228615	11.7387535358451	1	1	1	1
5.50758810458491	6.17039740658809	5.21272138838441	6.07636247252295	3.61951528849622	1	1	1	1
4.12139569653561	6.21093071256869	7.73886804686989	8.09779842546389	10.3120599739329	1	1	1	1
4.75663476156495	4.58375068921434	-1.16026588697572	-0.86381639603226	-1.5674114166647	1	1	1	1
6.10594553267761	2.75428114787524	2.51486904426697	5.87672305081507	4.38081920503073	1	1	1	1
6.01079628720803	6.42641095274579	9.61157616038973	8.06406318639846	7.69047938033239	1	1	1	1
6.16037338521759	3.36143829733843	0.108577166286598	0.783699404246845	1.19468549902601	1	1	1	1
4.36734045119912	5.4945790584442	6.72125577067714	6.19032614602219	8.36105957886334	1	1	1	1
7.12860673074501	10.2943875332706	13.7078317666519	14.0141304752046	16.2814862642018	1	1	1	1
5.32002833509882	8.46129594938784	9.15613303300711	8.89973263698808	5.16014188305111	1	1	1	1
3.41444442041149	4.6774200189501	5.46397687942146	4.29919565323019	7.01165040596745	1	1	1	1
3.99723036488919	7.17356978443166	7.34173538191791	4.97352672696017	7.15270769247089	1	1	1	1
4.34694372513212	2.03072971112381	1.14907024395268	1.74468087737361	1.6031461795805	1	1	1	1
3.30958772658978	6.00099760109621	5.93940987729575	6.04276724224258	9.68562207429713	1	1	1	1
5.25493340570619	5.79312142294404	8.45305666847827	9.26920496624858	11.0622836706257	1	1	1	1
5.42388902430608	2.49402956706923	5.61785010833659	4.35613485812748	3.27279313972329	1	1	1	1
4.2882765775907	5.00340192052581	3.17914734655876	2.87494133364412	2.13892166320374	1	1	1	1
4.85211717574741	5.05596625627772	4.59161931971183	7.42697781583544	6.28702285246844	1	1	1	1
4.92865792161819	2.96900111632023	0.986773531778805	1.85484983337079	5.19562561383594	1	1	1	1
5.06189752394535	5.97256180089918	7.17298502805802	3.9978173200974	2.71841499883341	1	1	1	1
6.22395357617538	6.10293656132652	4.90745100789303	5.43401133360865	8.95406952969261	1	1	1	1
6.53266548236874	7.02018368526769	6.03408849630249	5.57828091903488	6.50605631713474	1	1	1	1
4.73700840730733	6.05539349975062	7.71902361692992	6.99816773141487	5.7319785112462	1	1	1	1
4.13580648613017	8.20390401480973	9.68597280430957	11.3359054109985	11.8478572994015	1	1	1	1
5.1507255357638	4.71782895794757	6.60464009625641	7.73990655682642	6.19266479882251	1	1	1	1
5.09784251404993	8.07386392315411	7.2050354836707	8.82185889463261	8.22847269368456	1	1	1	1
4.03892895900912	8.13572225680049	6.73343105915046	5.99495528108377	7.52085768244355	1	1	1	1
5.71015008794043	4.79001559756315	3.56923460928141	5.3056088631315	5.16292802452023	1	1	1	1
4.53653321130707	2.14419540722225	3.51793613938824	2.96756102399844	4.60380811612519	1	1	1	1
4.15247063386525	2.2949671759944	6.26286065035915	9.30062864384386	10.736712283518	1	1	1	1
4.74231829265157	6.30367300303576	6.59598205723237	7.18092975389841	6.73443563610667	1	1	1	1
4.82475206056746	7.83320868505798	9.95918269987799	6.73974928262013	8.47825552326218	1	1	1	1
3.95879217472405	7.16251007142962	8.77041724492181	8.86279580376569	9.69145371985834	1	1	1	1
5.94241854157822	5.08939812437031	2.10456119891368	5.89745224801788	7.2704689333589	1	1	1	1
5.05130546535979	7.92815534479608	8.6170808105465	8.32833116960338	9.15878223640313	1	1	1	1
3.81443504135906	7.77869649062209	7.70296208793818	8.70851469526926	10.0340936062086	1	1	1	1
3.47059750228771	6.26471712713068	6.76048430438116	6.66706635663232	7.26751566063925	1	1	1	1
4.91758448671597	5.94374799218561	8.40224526835805	10.9310956365009	14.7169468133995	1	1	1	1
6.09472082008835	9.74191600532976	13.7194178340133	14.5378626330788	12.3874881696623	1	1	1	1
6.73277948487185	7.43210156806274	7.12467794528763	7.59996550431967	7.60871242380815	1	1	1	1
4.14084607143453	5.87787150943539	2.6563043203594	6.2311214475598	5.15937386272735	1	1	1	1
4.75121174245221	4.25317151840876	4.08543181640391	1.64253338396098	1.29669115384439	1	1	1	1
6.19036411755455	6.58776466008483	8.07447538536741	8.49991609317924	5.05429505557999	1	1	1	1
4.73195372535579	7.53154714783821	6.98576661028874	5.35820313100368	8.37490945044512	1	1	1	1
5.76684568014355	6.17141329685776	6.24410336650236	7.5677040755586	7.17047121665926	1	1	1	1
3.97808042498153	8.18991855430751	9.39733128175259	8.70572472438882	6.97252705282557	1	1	1	1
3.80562274769729	5.61850007000639	6.33280501640986	8.11226782086383	11.7935697584308	1	1	1	1
5.8557372725088	7.45403992467432	5.7654801530096	8.0363824976971	6.70125624404269	1	1	1	1
6.66943183499687	4.53279909507493	6.88863367046207	7.78737864832152	6.69171963703164	1	1	1	1
4.77102459990387	5.72763351698552	3.3804153407957	3.89847247772683	2.34269163908566	1	1	1	1
3.80938011891471	8.22951719889432	11.3588287876211	10.9521767699342	13.7109899183003	1	1	1	1
3.7881940177311	3.26284375297545	1.71978417009769	3.32888489758895	2.46524947040197	1	1	1	1
3.85850804358663	5.24170697353062	6.11958819392945	8.24724999153511	10.5424834551285	1	1	1	1
5.02519449378035	5.87547715619513	5.03303393558467	1.38969083070311	1.0427443971775	1	1	1	1
6.33094357926975	4.70285652937302	3.25773707118039	5.61430772344348	7.5172304254245	1	1	1	1
4.8854116445476	4.68012681330088	5.79740340725455	6.71846345220624	7.41007962463374	1	1	1	1
6.68519791467807	6.89003630126221	7.24506161944895	5.05150186844405	5.7775813936296	1	1	1	1
5.46256807546755	7.08770378996197	7.826581413411	7.47088180295036	6.03853194226085	1	1	1	1
5.48474076047731	9.07025055077374	10.7938987390563	10.8916216947321	11.4976691771243	1	1	1	1
4.87781417181673	6.31527712751286	5.93274265595691	7.3102473458779	7.59357824486383	1	1	1	1
3.27978273600663	5.45648742459083	8.08258522514344	9.18901952375685	9.27570356516106	1	1	1	1
4.45763212495088	6.03019199038214	4.77549321063433	3.66135815515838	3.71616362334334	1	1	1	1
4.38289462261996	8.67977133286196	8.55956349084172	11.3808630910155	13.2616798187233	1	1	1	1
3.6144956678946	5.49026716864708	7.81614669905937	9.28857373327899	7.97764394869189	1	1	1	1
3.53685933927026	2.03091076463546	0.595124112524642	2.0294768342001	0.688255086286305	1	1	1	1
6.00840428050978	7.90744971933385	9.53601245125053	8.15174845523749	9.28784277957721	1	1	1	1
4.34907275981047	4.17979173826042	6.01702085893839	7.58544376640282	7.99357262293548	1	1	1	1
2.77521846840744	2.96292207567633	4.33053172368566	6.6370545733739	6.78545330755937	1	1	1	1
4.6354769238385	0.255477744377944	-0.509103683596016	-1.03728833071533	-2.16213625227633	1	1	1	1
5.64733646464332	5.10160120749107	7.99810470593461	8.81624563570746	10.8728372627825	1	1	1	1
6.19390977385866	5.64643352303686	3.59001189032565	3.95553241918822	1.7591796262876	1	1	1	1
5.21328756314619	5.55568002193181	3.37803829084093	4.95930186440207	2.30011866319773	1	1	1	1
4.65167934700175	8.31019926283765	7.18298536729234	5.42758832919395	4.11894063619483	1	1	1	1
4.37273081650061	6.85796570723774	6.26498513935131	5.6678956727744	3.68511802941776	1	1	1	1
4.38407194490847	4.29650431444057	5.91725890136679	4.89500827601083	7.96350001681838	1	1	1	1
4.95348663132792	3.06643858243827	3.66718796390337	1.51143104943169	2.57853733061084	1	1	1	1
4.8652808520915	5.01302285522477	6.36989851197367	5.66155667971752	8.86397693564943	1	1	1	1
6.27956927442354	7.13297598551208	5.34254219746006	5.27782619663744	5.19415281843656	1	1	1	1
4.62665059428425	8.01304789832498	8.97060768628815	8.3950677362913	8.70997798645027	1	1	1	1
5.11443954642847	6.80311298238927	6.66043542349558	7.25948031615791	7.35991850992882	1	1	1	1
4.23423206304625	3.89137917396313	2.92842758459474	5.35269827722628	1.94619631959839	1	1	1	1
5.12450165857203	8.49505185183602	9.8452722619578	9.49777463475887	9.69072927475324	1	1	1	1
5.7297881148828	2.89231719917576	4.02467439367693	4.57558269204899	5.98402218863979	1	1	1	1
5.55678686013145	8.88263468990542	9.72031980607467	9.97062507702844	11.0432088186821	1	1	1	1
5.1395115460834	6.31115745495012	6.32040268131711	6.66465106549266	6.65623575515378	1	1	1	1
4.9899977351071	7.55327116075086	9.42583590511631	11.0359919405584	11.0109047052437	1	1	1	1
6.07692162621617	5.09086966227265	2.34403603447896	1.0008192900084	0.827085175956573	1	1	1	1
5.31124230700541	3.98613074484241	4.19522663098991	-0.122604128321658	0.680313884521924	1	1	1	1
5.86713886349386	4.61715858811998	2.53175001428942	3.70532381130179	2.35912041500275	1	1	1	1
5.65070084126444	4.92237654761824	6.42263099311062	8.109521163728	8.92342715321018	1	1	1	1
6.65149830228582	3.82240434848011	2.55175098086283	6.12999290816528	7.1144727804631	1	1	1	1
5.62356332103577	6.51834819905917	4.54975665248299	2.85206266188686	3.71078456212338	1	1	1	1
5.46014272210263	7.59502099718869	9.56778986315151	7.97623508474782	9.67391976806837	1	1	1	1
7.16765672186993	7.01328629436711	6.9699400395049	5.5276551616773	6.06429340700179	1	1	1	1
5.00322165201663	4.50718555442479	1.02721456874931	1.38385400235503	-0.406530438433212	1	1	1	1
5.37383021942705	4.66930165140465	5.29186019786045	6.40357862737663	5.60515029908477	1	1	1	1
4.55771446889584	8.39391807227806	8.69559361356783	7.67795284263051	8.16697291268561	1	1	1	1
7.17856180197041	8.83969301522836	8.81648853444151	9.20143487598055	8.02919940270841	1	1	1	1
4.82479903489461	4.15687898256565	2.19595117630883	2.43547122275961	3.02385718116872	1	1	1	1
4.52769889269772	4.12080151022133	3.29833664155693	3.20104465992624	3.46900773405996	1	1	1	1
7.54365491965076	5.61131542093236	5.027427675083	4.72412864655143	4.33934983325669	1	1	1	1
4.56276664658742	4.21552686729017	7.61396363757545	9.06777658836329	9.40809015179688	1	1	1	1
4.36452483331606	3.19746861196312	0.527584697653652	1.99834719349187	0.121111583047024	1	1	1	1
4.28055811103201	6.51623514118725	4.98875488793429	6.78518978298254	9.17667990676622	1	1	1	1
3.37391336615314	4.47890594525621	4.64383655010714	4.34111444821528	7.95713833693804	1	1	1	1
5.08548781792063	4.88743506707399	7.69846427931977	8.61831761980017	7.28176269334902	1	1	1	1
4.56191069713731	7.1809290850313	8.88580623426235	9.61743575871621	11.1415661338923	1	1	1	1
6.25301466624326	6.45809208249189	8.32233874923063	10.1239185871056	9.46022258812563	1	1	1	1
3.94524548722916	3.8193759496974	2.02553709084659	2.79673006943251	3.80877013609479	1	1	1	1
4.52773152767577	5.70517484639907	6.4029038529958	6.51346978158866	8.8564845827657	1	1	1	1
4.44236090751853	1.60058455223396	-0.0497837655091545	-5.39056248219124	-3.40427296750535	1	1	1	1
3.41116437692762	4.42983047783964	3.83299862132261	3.40977980943046	3.4096635793317	1	1	1	1
5.33852803032331	7.16167943919177	8.73639043223018	10.8835171113084	8.08029986320948	1	1	1	1
4.49073852094063	6.77931729092037	9.06776928792154	7.38253375535326	7.97417278818146	1	1	1	1
4.13241575753809	3.49677674801426	3.54753786691718	0.886758181402844	1.37853991732489	1	1	1	1
5.02783018937016	6.33459099748065	6.89192028185469	7.25848678080953	7.33707114760257	1	1	1	1
5.1041090920085	5.77228467439181	3.12710716644484	5.8669309211243	6.48479303589416	1	1	1	1
5.95006639487439	8.70240833279511	11.1899587674037	11.9913133593447	10.642697562489	1	1	1	1
4.2747584608303	6.45971224233643	5.62950258610712	3.74251990566774	6.50538506694052	1	1	1	1
3.89384362100415	3.8667131377318	2.64093491913437	1.79902824058559	0.195006060384673	1	1	1	1
3.25840700552864	5.09757825895545	8.74822562270007	8.32579406114738	6.19617593884556	1	1	1	1
3.93631226967817	3.56276904155858	4.26043774217992	-0.221584974833946	2.01526347078794	1	1	1	1
5.14805236662472	6.67465084634396	4.3101158301251	5.15725404136548	6.77280079049588	1	1	1	1
4.27126835621601	6.583645331717	5.44879789268183	4.86957003690901	2.76326089566251	1	1	1	1
4.53996603083918	2.68984275422426	1.6796887211481	0.404103216496441	-0.035357000516775	1	1	1	1
4.35189992550522	4.2910533078516	2.80654395470805	3.43500853206383	2.25421747753853	1	1	1	1
4.42338222798429	3.85652135901446	4.51966239448427	4.50669505417135	3.94711364526966	1	1	1	1
6.62920435092164	2.91869661186381	1.87402037583522	1.82869491968477	1.90433840367939	1	1	1	1
4.2136938977553	5.01509908350262	7.64497100618078	7.00347830573565	9.08055217265053	1	1	1	1
5.02978317917213	7.46296187195547	6.57694621788486	6.33620102015853	4.23865127716241	1	1	1	1
4.47487939417641	5.72460570204075	5.6720392336642	5.40489585145141	4.98004096180715	1	1	1	1
3.95272033516618	3.53248273827246	3.51304021759247	4.30983182763166	0.893899901450454	1	1	1	1
3.91284984284723	4.25696214279032	6.03460724253133	5.94446915020677	6.72797305128299	1	1	1	1
4.13656633615389	2.02756341069068	0.68388717571311	1.95677982589875	-0.548442123250693	1	1	1	1
5.55680433392916	7.97526998462949	7.66030155712998	10.6557171857574	9.98978646358925	1	1	1	1
5.25741008554239	3.56837232956675	5.53214840621878	2.48007555249248	4.39633947582729	1	1	1	1
5.23626202285328	8.15688887696668	10.5376786180119	11.7794761481624	12.561226535558	1	1	1	1
2.49016156377802	5.8482176324839	7.91204403941078	9.49632973017037	8.66123474530082	1	1	1	1
3.51296538552496	1.11622305345914	2.08322242420238	-0.10985861379088	-1.09089422258668	1	1	1	1
2.19363639097705	5.55023510289808	6.60757115130702	8.17914517875549	7.93506008040512	1	1	1	1
5.09092840853573	3.00811417756346	4.00316842641395	3.03791385372176	0.758899996685888	1	1	1	1
6.46346348819474	5.81748495195601	7.66236126560363	6.25389207075004	5.86743076007912	1	1	1	1
5.34524398331808	6.75730279622562	7.22375437951387	5.62732941478074	7.26079771145189	1	1	1	1
5.05096089948197	6.67688488559673	7.08371598620427	8.95646513943702	7.61977880082993	1	1	1	1
6.30355101289213	4.55355978549282	1.24481979374215	0.904667409980068	1.71613953079252	1	1	1	1
7.1569312223542	8.21322700166903	6.27503538706573	7.92667704800407	8.63580143869143	1	1	1	1
5.57641376365557	3.94209849468083	2.0870991478191	2.10791001125961	-1.16786787365837	1	1	1	1
3.43143450990747	5.3017301919953	4.56037695846936	7.44863325454281	8.96875185637029	1	1	1	1
5.32730809567462	6.96612417768208	4.44764209239448	3.59272369731174	6.7249278812574	1	1	1	1
5.50185632094902	7.34945771172052	8.47803141554081	11.3162921839241	10.3603020503206	1	1	1	1
5.32266529938761	7.50528366180855	8.82811619399468	8.48384683226236	8.88097459936824	1	1	1	1
4.96085497863355	3.39412414134955	4.80547285053435	4.66115671738759	4.09320353656885	1	1	1	1
5.4652513559307	7.85085895066736	7.00332197465766	7.61372793331875	3.57040152137426	1	1	1	1
4.9971154289587	7.30835465440818	10.1929922343535	9.41714687914995	7.60037106853732	1	1	1	1
5.30076907290554	3.14783448388248	1.61475111420742	1.00750044386696	2.30062960190754	1	1	1	1
2.71209798668431	3.83182731210798	5.3152870930595	4.34298877109307	7.76199219612033	1	1	1	1
5.77000168015132	3.07220546063147	2.47741052796418	2.06788196971441	0.55060264924594	1	1	1	1
4.8199719682223	8.62201846448985	11.7750880480229	10.0352220825825	12.2515880245273	1	1	1	1
4.13346000214759	10.3670535269856	10.6864350527621	11.1524013896442	10.3443123089618	1	1	1	1
7.13099785030869	7.24641465188185	5.43795039486385	4.39010748913809	1.68563163529167	1	1	1	1
2.89342653618932	2.69522932440012	0.984819158287095	4.81584309327173	2.0151773404811	1	1	1	1
4.79242946605746	5.52499831479361	4.92127971846318	4.8500167007963	3.58702064840796	1	1	1	1
2.40872469437612	3.84794909235729	4.67221915144765	2.59881429342222	0.154066764857638	1	1	1	1
5.96122055508555	5.6296342426584	4.59576857784067	3.53355148172531	3.80847633687671	1	1	1	1
5.74590171364376	2.21916470544831	2.2790112740396	1.85432823645417	0.0116749953685427	1	1	1	1
4.74778902967377	3.11354151623795	1.31296397962033	-1.4738171877356	0.0994998072566899	1	1	1	1
5.82297245474723	7.02715888575734	8.53876164286402	6.76349212056899	3.16231707625502	1	1	1	1
2.68743795975046	4.66520270367095	5.76684126691555	7.45940322834064	11.3262201916219	1	1	1	1
4.33866223928758	0.660758040357032	0.434311417585578	-1.25607470058753	-1.88033699528758	1	1	1	1
3.99405643054765	8.58173348271905	12.3237655236895	9.93673530653291	10.8810325031846	1	1	1	1
3.95483383962113	5.1220322054576	7.27011818366361	8.13547473835029	4.8755882158614	1	1	1	1
7.18694630753342	9.51923833912931	10.5163702659808	7.97764061702405	12.2836295889463	1	1	1	1
3.78839751928431	6.72474176773168	7.92581166432135	9.58253169636443	9.76409310431035	1	1	1	1
2.89937632906101	4.13633234023424	6.36368116086007	5.61336262182127	4.43031767351209	1	1	1	1
6.46467058623772	7.8540610014863	9.75321953312381	11.1755611096892	13.4005391091574	1	1	1	1
4.27058801953151	4.82914424718088	8.92332026291111	8.78423406254535	7.25420375326101	1	1	1	1
5.26743192622478	7.47454566447009	7.70388381422675	12.208812860135	13.9797245679746	1	1	1	1
4.88310048746296	8.01057026716239	11.64443268801	11.9400913051727	12.74378383863	1	1	1	1
4.58785648531697	7.83212425972703	4.73406107586636	5.40237053061979	5.13643424070506	1	1	1	1
4.96192825253407	4.38144022362978	3.34435757924337	4.4749041971543	4.48419092564457	1	1	1	1
3.98908698139139	2.78297966020505	2.60570240221876	4.34656541893282	4.69440684406737	1	1	1	1
5.77139143548088	3.46489982826902	3.32821798813228	2.41056890327707	1.77388940058899	1	1	1	1
4.69624181755488	6.03096721324008	7.66418400651246	9.21416816445667	10.9576775782207	1	1	1	1
5.47037327388787	6.06824906649263	5.96456210482727	6.66047544070897	8.39753117103331	1	1	1	1
3.46686243101236	4.53759533479641	4.46239884971907	6.39098797007517	8.28017638738572	1	1	1	1
4.95162297398136	7.58124684880394	13.612467827737	12.3299048984803	12.3285910782287	1	1	1	1
5.4750415857194	7.39296226575453	7.73642547766697	8.53344286521168	5.74505743982836	1	1	1	1
4.64748873069459	2.95564164054205	3.41326435969699	4.8448834905494	1.2788179745881	1	1	1	1
