2.73506332800722	2.36270693098831	2.33878853041923	2.4480023476878	2.22065405831182	1	1	1	1
1.88690796959418	1.65430854189014	2.80075637812384	2.73842201878715	1.61497233703101	1	1	1	1
2.79502451875696	1.46095198051604	1.57231440433083	2.37737576897367	1.46130804788377	1	1	1	1
0.293545681847399	-0.668681429561404	-0.646734009438281	-0.956076002836182	0.858541770980552	1	1	1	1
0.331591187826383	-0.0795334315873048	0.439813699791031	-0.0728345565859722	0.27163199383999	1	1	1	1
2.55349122837592	2.50575873557872	1.70307392834338	-0.353427560981295	-0.0497217060231649	1	1	1	1
3.03085518617072	3.05783251661374	3.442945254597	2.91730543432617	2.63720500708958	1	1	1	1
1.36970819006782	0.817717040947671	1.92458609417625	0.663958932671305	-0.281006483894747	1	1	1	1
2.07940133422664	2.10261284612693	1.07227420531607	1.80137088377928	2.22220421267062	1	1	1	1
1.07892088582214	1.50397202762052	0.585947750930328	0.996653866582314	0.194062597159501	1	1	1	1
3.44770787711095	1.79546570139507	1.71812871360639	1.64390378828585	-0.503956264858859	1	1	1	1
0.650711673614395	0.88063367600551	1.31091585183573	0.111668769103806	-0.977672983469978	1	1	1	1
0.604262254512083	1.9147963310842	0.696034946757897	2.17480364396272	-0.447168353045111	1	1	1	1
0.776977922105863	0.936796252779677	1.04675945262646	1.1030965299892	1.03866827754085	1	1	1	1
4.6843285883952	3.4109545798759	1.96057080535378	0.211169369532308	-0.530153075586929	1	1	1	1
3.29098371239596	2.77781262622374	1.86222079880388	0.212653610064271	0.36342074172644	1	1	1	1
2.87995984049291	2.42423906315799	0.955519981394333	-0.34252665801072	0.389685904365925	1	1	1	1
3.83284794751861	3.72160509211854	2.25534812853829	-0.668346299215046	0.195054367190147	1	1	1	1
-0.561353214523731	-0.28931621714721	-0.576138147988385	1.35487826148464	1.23380636663918	1	1	1	1
-1.18348564649269	-2.02553886490086	-1.82770477185004	-1.02184193895371	-1.41791722179657	1	1	1	1
1.64413226769963	0.0750753770492747	1.78950975259443	0.733315815560228	-0.777986214485223	1	1	1	1
3.5841598826224	1.1058777790386	0.660561977170914	0.836999809690218	-0.103070504198944	1	1	1	1
2.16994181089673	-0.250850886223043	-0.209443907262784	-1.19540170239382	0.667343202555595	1	1	1	1
1.72216086600675	1.52058621463398	0.364804391781661	0.445691790460325	1.17008854070969	1	1	1	1
2.4152774639591	1.49218128982211	1.76188759253292	2.07962682383127	1.64548696876249	1	1	1	1
1.15864638646036	2.10214634001648	0.875317757047899	0.917457820296873	0.964081437238962	1	1	1	1
4.75942253905506	2.84574343448928	1.58479771613167	1.74933789463424	0.679178542064138	1	1	1	1
-0.00305161484025609	-0.73807148084995	-1.45274733596642	-2.12560292072669	-1.5804150733194	1	1	1	1
0.116955970988656	0.0731871229976605	0.000816141731923035	0.579168707761224	-0.0602955024387443	1	1	1	1
2.28449805095706	2.14791985903353	0.43941560507231	-1.29479180341186	-0.421751388251521	1	1	1	1
1.77569519034741	1.37141732190493	1.42150031545206	1.21062965531632	1.94210322918207	1	1	1	1
3.6354724624873	1.13642051443259	0.98559777601585	0.25324165349206	1.17064674111764	1	1	1	1
2.68143124062473	1.88855070824928	2.62600093039297	1.61396744501032	0.330282157683267	1	1	1	1
1.91962402217103	2.34494622403329	1.60665463211811	0.435259368431702	0.672569304420442	1	1	1	1
1.10933589319118	0.818904341782909	-0.257829179815377	0.441792531840404	-0.245405793692287	1	1	1	1
0.945352250688768	-0.101702777370147	-0.529468633110016	0.498429386478936	1.03935375245338	1	1	1	1
3.31756785267364	2.30334669308647	3.02633363801723	2.77983675740498	1.49904610438479	1	1	1	1
2.50981251493247	1.3198448447248	-0.0527624767500013	0.00716745818287915	1.27031302549416	1	1	1	1
-0.191841948908049	-0.287152593656737	-0.360786259835179	0.180961014057693	-0.324422760762295	1	1	1	1
3.35655183456317	2.74184719037058	0.18449725307671	1.12644620226507	1.62934217006481	1	1	1	1
3.43510812299846	2.66672456734126	2.48331407942961	2.44147213911392	1.54239879873631	1	1	1	1
0.745426356219885	-0.254298935979688	-0.0805743319070051	-0.320229265997436	-0.583902646585982	1	1	1	1
2.59460587018353	2.25930380660748	1.47482938327761	0.463138230932491	0.636722554580142	1	1	1	1
0.182992560740648	0.536276846471018	0.340224990104378	0.595040141014127	-0.137219139608446	1	1	1	1
2.05926862361507	-0.208027145552121	-0.354706939088824	-0.210373038918825	0.497209705843454	1	1	1	1
2.62997334088491	3.92553383644105	2.31630358847181	1.40011571769286	1.14631319198585	1	1	1	1
1.58119154540295	0.0329191598486664	-0.395754935448251	-0.00881317647036245	0.794865277902021	1	1	1	1
1.46034229560368	1.05230197282573	0.717727810572591	1.06260777560028	-0.10399957382685	1	1	1	1
3.25034490463133	1.92634646931154	1.38033544478201	1.12298047638149	0.975084454730333	1	1	1	1
0.786585630357575	0.859881739635	-0.116540343302676	-0.559018121578715	-0.974511568688654	1	1	1	1
1.06824047176869	1.11569876367597	0.291880349886295	0.527406446070069	0.842676660444338	1	1	1	1
3.57683137117226	3.10530962433834	2.4436747053293	1.76729897499401	0.352154007077209	1	1	1	1
3.97645755402075	2.64258582375471	2.44802487343136	1.86572888581152	0.843514671808517	1	1	1	1
2.67176886439503	3.62085924580111	3.43245734554361	2.21270018392261	0.983240323712935	1	1	1	1
-0.538839966887323	-1.60504379969313	-0.169978467885778	-0.424024375032749	0.326190278498846	1	1	1	1
0.924551530542784	1.12641068754699	1.12198475083069	-0.120449243078916	1.02923483004297	1	1	1	1
4.25633328912876	3.51067850381169	2.80106214472091	1.8442484702191	1.46059799128194	1	1	1	1
4.93197774399544	2.62265333577141	2.45567277003703	2.54468393248832	1.20705634528007	1	1	1	1
2.5569428648149	2.7766403659369	1.88878184779749	1.53894854004253	1.15335799457152	1	1	1	1
1.58964215199429	0.860828138318223	-0.243073114450557	-1.20008147702658	0.0594910243021273	1	1	1	1
1.54590124357373	1.00546779119879	-0.394770356766699	0.150698411895058	-0.126641950184011	1	1	1	1
1.59633420406221	1.35681035510533	1.66970577583378	1.8959301387594	0.333125174686333	1	1	1	1
4.2650946469338	2.39524161255433	0.816759173669394	0.197121350702241	-0.89064475432978	1	1	1	1
1.60793867075337	0.250952894887945	-1.39016301654478	-1.24446970750953	-1.67863165164739	1	1	1	1
1.9803478159347	2.10122564952252	1.60837224568875	0.217672806853467	1.56814869298013	1	1	1	1
2.50192245648723	2.21918428376889	2.81442459620937	2.94682473947267	2.28644839893718	1	1	1	1
3.93553043881288	3.08924387305007	2.18493164805735	1.30663110032003	0.825216010048062	1	1	1	1
-2.28513580109525	-1.95669397501751	-0.250600388724151	-0.676170353942566	-1.12824756708702	1	1	1	1
1.07425489136452	2.68832340086813	4.02242404902653	1.73012575895445	0.288799940125032	1	1	1	1
0.456702085669086	0.0209023441481148	-0.533160476514235	0.18108527024487	0.403741558330691	1	1	1	1
2.88212834063441	2.10449170943711	1.58603912293377	0.994561543643419	-1.03282403461855	1	1	1	1
2.63813691033749	1.91088321272046	0.560905683764374	-1.02162014265465	-0.739886441286971	1	1	1	1
1.86569159905281	0.508800477051274	0.992524493863109	1.21107245819637	0.30837471812124	1	1	1	1
2.11603808554813	1.76390891408358	0.283139024142215	0.38388225291274	1.60620351937441	1	1	1	1
0.443827384507599	-0.488263442264027	0.631151167181073	0.631651907913362	0.516086480158432	1	1	1	1
-0.00653382235349561	-0.557232376399583	0.576545385608486	0.172576514437825	-0.228414109972861	1	1	1	1
1.14916264620678	1.1742856344507	-0.0722840705747217	0.616156927522191	0.32931013493188	1	1	1	1
-0.864019724251258	1.07264900254847	0.367879008756672	0.0947849662549587	-1.26172298517451	1	1	1	1
-0.42956972945094	-0.345459769757764	0.422078759254752	1.70696575976275	-0.983901660072529	1	1	1	1
0.309629105664182	-0.452417545995632	-2.14703240692202	-1.39405968535361	-1.34917414980312	1	1	1	1
4.08966080092824	1.91657389764566	2.84725778965788	2.47075474616598	1.83663117076393	1	1	1	1
1.69201782850554	0.768541575577674	0.609346186922876	0.816637352461932	0.94954623514009	1	1	1	1
1.08321761647761	0.258336753152232	0.723533510729571	1.70078478725377	0.680070143816548	1	1	1	1
2.57927965537631	3.60246097171736	1.52917249908987	2.14931184595019	1.3234888160515	1	1	1	1
1.10741152220945	0.0612582135015297	0.260581603892204	-0.0648450164029853	-0.750293842925829	1	1	1	1
3.02082654077399	1.98533995865345	1.10800134489814	0.633891590557307	-1.1128137307076	1	1	1	1
2.02691477147533	-0.000268787381402014	0.0839151253336196	0.644915461754449	0.748113544908909	1	1	1	1
1.76699979074792	1.8648830689007	1.25515741255857	-0.583284929996707	-0.151708429834146	1	1	1	1
3.20615689388897	2.61903719220046	1.23429726216347	0.935914576177888	1.015133612573	1	1	1	1
1.66910495686035	1.71623708009183	0.474366582265883	1.16958810144152	0.874353331135723	1	1	1	1
0.803406213009566	-0.00664468310738608	0.11342162275894	0.605596280996028	-0.323652148757443	1	1	1	1
0.22895208146249	0.818349647265387	0.743518097279263	-0.245630079232718	-0.920046525334864	1	1	1	1
1.93002353578455	2.90162503510976	2.41502996745719	2.41450564440189	1.78258665770316	1	1	1	1
1.97864519962032	1.09002787754831	1.02558450291257	-0.687632808265261	0.51806474041783	1	1	1	1
5.59584298168092	4.07112474403206	2.44628761910819	1.17215627657348	1.30165048129696	1	1	1	1
3.78674649289063	2.69887659366308	2.52784775963403	3.65397999425908	2.97079873565603	1	1	1	1
2.41086917059391	1.74672616308859	0.345282455421083	0.0250493586106637	-0.851998292611815	1	1	1	1
-2.29872740927192	-0.468811362285153	-1.35487305013648	-0.1833857761259	-1.8184507807414	1	1	1	1
0.310020990129093	-0.919689386729412	-1.50910907023395	0.569112092855495	-0.6757823785479	1	1	1	1
4.32521672364106	2.31568400015893	2.10557301205519	2.44795895543999	1.36234243245284	1	1	1	1
1.35584850996237	1.46060836175769	0.439622623925935	-0.4261784718892	-0.355169912058697	1	1	1	1
3.47455408972802	1.4174994588474	2.58517742906405	0.627761161779759	0.825273686317635	1	1	1	1
2.67638501081775	1.77031513286197	1.86924397799423	1.73439324116271	1.43472220113898	1	1	1	1
1.4505422576105	0.939929334423121	-0.776550853279453	-2.1618678740028	-2.58710268114459	1	1	1	1
4.21191071069313	2.27999086248201	1.36724521025942	1.99530509099327	1.13929536711206	1	1	1	1
2.72417980456765	3.38428547590182	2.24788257350979	1.17854027989515	1.21104268643001	1	1	1	1
0.324245801521214	1.00546334145169	0.909270955473093	0.758072654884106	2.05610669013837	1	1	1	1
-0.887174243930702	-1.51895154434443	-1.71844837696481	-0.890408679706017	-0.480853125577053	1	1	1	1
2.31311553542196	2.25968048094308	0.3591040065665	-0.365089368371426	-0.0802476047087362	1	1	1	1
1.22227659861942	0.658983183387407	0.282286462800741	-0.163097502050405	-0.627214921349835	1	1	1	1
3.01862437579432	0.918286486225024	-0.118161893603578	1.8048254165164	0.753465369833675	1	1	1	1
0.115665053057375	0.448138749153581	1.34086463034137	1.96177609520305	2.20196186176229	1	1	1	1
1.49940233322924	0.928383503368744	1.498196069033	1.59755518477659	1.79238772905158	1	1	1	1
1.2856405751508	-0.259940370518888	0.0780967658868882	-0.493185423049212	-0.293765152120434	1	1	1	1
1.68164115859213	1.12429505707626	1.05229600436595	0.328282283166253	0.698806726048795	1	1	1	1
3.86405026517603	3.8712376691428	3.49005131297372	1.65363136114892	1.10898437381996	1	1	1	1
1.52894568993086	0.190721578975322	0.692384215277593	0.725274989399161	1.4813633285071	1	1	1	1
0.484698479374305	-0.155839303723004	-0.171343932886497	0.822139024542587	0.924569945397503	1	1	1	1
0.869592518357764	2.58409215667814	1.15545263335469	2.05533784119815	1.11855602508216	1	1	1	1
4.79143511638691	4.75636881690515	3.14541488819583	1.96148434345039	0.630989459498064	1	1	1	1
0.514754773613232	1.5075722655332	0.165747464152741	0.97911139606587	0.162306379406188	1	1	1	1
5.69338646159706	4.02202211380225	2.76995108345783	0.703780341583534	0.95157642407772	1	1	1	1
1.55713646360242	0.50086282341994	-0.56132577583843	-0.902239020556253	-1.17667408352304	1	1	1	1
0.0216022215317388	-0.52882716148678	-0.410136850277208	-0.470671008048604	-0.315046393312269	1	1	1	1
3.26639037970787	2.08105574942131	1.81421928340294	1.05911009725641	2.23370371472938	1	1	1	1
4.03194731418081	4.37934188834992	3.03536860398547	1.44450274780687	1.39702045255051	1	1	1	1
2.621405044966	1.02702886964742	0.871682352312466	0.690813608507277	-0.512628264941994	1	1	1	1
1.10981817179755	0.832427035461473	0.599987823281426	0.910594624602215	1.07350238101072	1	1	1	1
3.2051110382582	2.601401755233	2.27067534167082	1.47848462311779	1.11022044455461	1	1	1	1
0.645691717804061	0.535333920257451	-0.208921585218044	-0.614824623395807	-1.26228990515031	1	1	1	1
0.91185428670784	1.44475702933216	0.401992426677459	0.776577503694523	0.865842616488416	1	1	1	1
3.61359641287323	2.12318059696267	1.13971401366744	1.05872771390371	1.09270189042907	1	1	1	1
0.80972658811387	1.61416616756332	1.21976669473925	-2.36593637402731	-3.72489344894232	1	1	1	1
0.600002649767492	-0.0622919749210485	0.318883841168129	1.23832519446303	0.747735156927131	1	1	1	1
-0.58748860579784	-1.16889901933922	-0.863110065797078	-0.169944280162369	-1.08671975760444	1	1	1	1
-1.07032143691373	-0.445167474116241	-0.743288374806722	-0.183420114713148	0.11876707220676	1	1	1	1
1.46932366525273	2.0882577595336	-0.524039884625844	0.192785700522677	-0.823998518444852	1	1	1	1
-0.525020802683521	-0.21442102095828	0.0968433616463106	-0.515762760205822	-0.900484153673434	1	1	1	1
2.51477319617564	0.756143264041109	0.728704197603913	0.58614711890485	0.273722575939649	1	1	1	1
2.69446591481832	1.71026469630159	1.23901193120908	1.34343087373668	0.565525128260109	1	1	1	1
2.34730719590004	0.80311241566525	1.24941265006738	1.01492338779805	0.608651829937578	1	1	1	1
2.96274612925346	2.0525156328624	-0.0682672655581504	0.629240054614151	-1.15790333561259	1	1	1	1
1.88272823352466	-0.142040812588746	0.658768494819894	-0.713898085230164	-0.241668417560402	1	1	1	1
2.79883003352958	3.30882436482208	2.44582024452789	1.39384806203411	2.48784857734283	1	1	1	1
2.20660736384143	1.27189820317945	-1.11678540589808	-0.75888716833628	-0.297492546295491	1	1	1	1
2.18114888986164	0.786837455534758	-1.29203587816628	-1.97309815483801	-0.939488538705914	1	1	1	1
1.0154263917037	1.93022203400614	1.05649445387006	-1.33769552645676	-0.898336644880381	1	1	1	1
5.8634839434748	3.70031035746923	3.73394555811363	3.17192879995381	3.22837265986174	1	1	1	1
2.2870807625798	1.22338143281993	-0.437646507894042	0.300165272446707	1.04789826520971	1	1	1	1
0.763385337228047	0.97215058343142	0.0209030401507653	0.964476516347832	1.37022848519144	1	1	1	1
1.58388171390925	1.03712260577636	1.07629330393043	2.1692137901305	2.52026106015504	1	1	1	1
0.320452404860607	-1.39246416165743	-0.248604329630451	1.64701017464815	2.03552700150645	1	1	1	1
1.412724896515	0.782903526946467	0.524964269634096	0.650808351709599	-0.471065918953631	1	1	1	1
3.33009976317506	3.41105874431511	1.61381564173255	0.936722240276105	0.975554928316561	1	1	1	1
0.163026540638514	-0.855523433781096	0.464604551719501	-1.01243699351019	-1.98453225039137	1	1	1	1
2.01797550616397	1.40386423268877	2.55504869840902	0.0830449522808308	-1.0864770101846	1	1	1	1
5.11621726797707	3.67237035084526	2.97939492428626	1.50108694428378	1.79010662438094	1	1	1	1
2.35313792007787	2.2962000194834	-0.961333921386471	-0.280416233406332	-2.21313894145958	1	1	1	1
2.78703245967194	0.960692679943426	1.15650657071931	-0.789102188751755	-0.164234748927469	1	1	1	1
0.996198065847533	1.18051304525088	0.936338954808477	0.474996647148118	1.05819532457763	1	1	1	1
4.07599843994252	2.28081320398781	1.54603552890993	1.52509610351446	0.458167190036012	1	1	1	1
1.55204372664485	0.196182441400657	0.98097925770384	1.67394813637186	1.11244358181806	1	1	1	1
1.92260619714342	2.4240702443761	0.91629296295205	0.739982690178904	0.780683505723311	1	1	1	1
0.997135582609334	-0.533411364349812	0.390512698754011	1.33301916648999	1.34256115484154	1	1	1	1
2.47435521916812	-0.0561460955508386	0.164542966017439	0.159400871319929	-0.227006881634979	1	1	1	1
3.12823210958103	2.12409286105556	1.68726462581779	1.09649846172266	1.88759367235188	1	1	1	1
2.85840066326008	2.89506782720496	2.42042007877712	2.02158764192968	0.871730919887239	1	1	1	1
2.38272951540299	3.03008264140874	1.14246587391138	2.7345793006427	1.09753266891011	1	1	1	1
2.03029071391297	1.68012738027248	1.97631744292905	2.4721172712818	1.99798013732734	1	1	1	1
3.47832399399713	2.54219552109161	2.60088920646826	1.35531086034192	1.56853853733615	1	1	1	1
2.5638484966755	1.76697212781094	2.2772093290229	1.79130245484793	-0.361638890888522	1	1	1	1
1.44649585977867	0.988124929232916	0.734509468150294	0.349622594987544	0.530207401115889	1	1	1	1
1.9605545782044	1.90988632114557	1.98259332295453	1.0621711967122	0.73470537196807	1	1	1	1
1.9212742102232	1.17083600733332	0.506087237952236	1.73215167704966	1.95863699478847	1	1	1	1
3.85869162882546	2.05170941755758	0.984213834045024	1.28405821817977	0.740038538472246	1	1	1	1
4.83203502037538	4.52565825189905	3.79978476696733	2.20064242226851	1.54926101486039	1	1	1	1
2.58685472571884	0.597946944348814	0.768512197399972	-0.0999501963042053	-0.221239173869629	1	1	1	1
2.96608179430623	2.52202505494186	2.06606813121325	0.314081825280125	1.05028149099161	1	1	1	1
1.56212738156247	0.360973502165403	0.246638788488382	1.14561275798358	-1.33390061463769	1	1	1	1
1.2919848538692	1.46778751166662	1.55830299384029	1.60301310012276	1.5626909169569	1	1	1	1
0.256124781618384	0.0681162045391484	-0.0955067628548154	0.1457352004609	0.760580935442212	1	1	1	1
1.65100739968082	2.73924314102589	3.16271829379045	1.76862377367285	-0.300868449504213	1	1	1	1
2.89220980629224	1.38115912701272	0.693432983547853	1.48229995092175	2.55127078152825	1	1	1	1
1.96714468062873	3.46602084870644	1.54240875520483	1.06651992997369	0.119015152480999	1	1	1	1
-0.662208453858974	1.33662486662956	1.19268954465415	-0.910306433904895	-0.360190436091688	1	1	1	1
3.31685640527167	1.2614229492776	2.08348397810381	3.69855301010076	1.36644553313153	1	1	1	1
2.25808132653568	2.5521885809258	1.69082166665589	-0.537530314897726	-0.627408076259847	1	1	1	1
1.60024732004239	0.78472111686726	0.513224835214694	-0.498835060763266	-0.39025122890324	1	1	1	1
0.5957009164391	1.20867460831222	1.2777708394989	-0.164266995004899	0.940177079355527	1	1	1	1
3.54935862823488	2.2567647399315	1.56112696318263	2.00797633498601	1.93102185384475	1	1	1	1
3.33683787433205	1.3554774547283	1.75397914626984	0.785123558838009	1.72279019876384	1	1	1	1
2.65758626228273	2.28843066258902	0.694681049627808	1.18795148059166	-0.285928796366827	1	1	1	1
2.74520893652465	1.9677070246257	2.04500454455443	1.37873196457639	0.971595840594017	1	1	1	1
1.48525301339234	1.8438276032184	0.343812151370382	-0.115264839413198	0.0836868314773266	1	1	1	1
2.22115422144914	2.09990061968491	0.558473071840141	-0.67947042957308	0.884673521063588	1	1	1	1
4.64137845337804	2.68767313411297	0.258503294013635	0.626172578586907	1.20196104050264	1	1	1	1
4.56350529112096	2.13005833924584	1.91491766758476	1.60395704598431	0.708160834142672	1	1	1	1
1.16153099282825	1.72831823357309	1.57358721179423	1.26103160356495	0.722291785160904	1	1	1	1
1.12229618554031	0.187778367710382	-0.996419571952044	-1.01379658759133	-1.11741137100152	1	1	1	1
0.765756142737769	0.828015755543516	0.0447593369762948	0.410585360351189	0.610039062277374	1	1	1	1
3.56063278800071	3.49799241219318	0.886775575871384	-0.588540020057453	0.441237126704062	1	1	1	1
1.36538646497175	0.820907672994808	-0.614774891982454	-1.0785043390678	-0.610576830157159	1	1	1	1
2.32288112674186	0.277179447801961	1.60213023405312	1.37244853810463	0.984736033808698	1	1	1	1
0.338361066677741	0.715334150854895	-0.194203299505662	-0.371067919142713	0.0259420089870557	1	1	1	1
1.97473262407642	1.15348397785414	0.973650006448607	0.254798164019323	0.0468373007636463	1	1	1	1
3.75510828537131	3.36550165232063	1.85561400578143	1.19428281164721	1.86644468104171	1	1	1	1
1.33014334907973	-0.194249241113606	-0.934864637979736	0.00701192859729727	0.622212144234379	1	1	1	1
2.93785472266505	1.98205571532255	0.755142613792362	-0.899070861391791	-1.15131689713055	1	1	1	1
1.66045631299124	1.14832647147316	-0.567168885922904	-1.16853021405638	-1.43094136049379	1	1	1	1
2.22508090663747	0.966653881413087	-0.12882656850477	0.438253564675524	0.633831342192667	1	1	1	1
4.7377289660142	2.70673489104863	3.3650747931153	1.45339342221077	1.7819915501849	1	1	1	1
4.49803920926877	2.79725101608458	2.4204166867898	2.03479492484634	1.31677831482951	1	1	1	1
1.22287964193552	1.45474033879134	0.736873635705487	0.598339994324796	0.0436339766291257	1	1	1	1
2.66220775124402	1.10855339609752	1.17485120035429	1.50371423369487	1.46919498664718	1	1	1	1
0.598393851669072	-0.00181196230228359	0.198290092281778	-1.12669957715681	-1.12035634755076	1	1	1	1
3.61840389228598	2.35757068806108	1.73398027680734	2.53826191375753	1.01945741098185	1	1	1	1
1.39105168622817	0.2483050854801	0.264000440886058	-2.09858489911227	-0.726734195227645	1	1	1	1
1.79291447405893	-0.118763411472144	-0.696092404331299	0.443472544374545	-1.59615021857834	1	1	1	1
1.84711045484926	1.95529698728305	1.0683307113612	1.108066013353	0.000379575445946356	1	1	1	1
2.34370694366056	2.10284727725269	1.07838426644763	1.20248598531889	0.542201329989145	1	1	1	1
3.48450541499873	2.67049840522206	1.35847150114267	-0.0412292122737413	0.369977532341601	1	1	1	1
1.52646668166537	0.344303701509757	1.27433717779911	1.52053308655791	3.07566403777944	1	1	1	1
2.38301877487492	2.7938458177048	3.63067926268821	2.0059798834444	1.44366232150378	1	1	1	1
1.83086650867083	0.232539403145394	0.453139917202628	-0.493854050674908	1.16936970871866	1	1	1	1
1.1441585580859	0.179374574093606	0.261270311318333	1.16095908859178	1.40870902628805	1	1	1	1
-0.404678883344475	-0.593814568949773	-0.413147298393682	-0.837649373951142	0.192464186978241	1	1	1	1
0.72680139431688	0.0563737524119252	0.352733334946063	-1.47984787057878	-0.96677627160321	1	1	1	1
0.77193427813006	1.81506091881232	0.671318897207081	-0.0301902716196313	0.620556739678142	1	1	1	1
1.45917193549555	0.106475533811276	0.977901247312827	-0.665389580912391	-0.235847723615548	1	1	1	1
3.29406690117323	3.45435551871838	2.2945418220228	1.68799687901216	1.38094561253863	1	1	1	1
1.26349355435086	1.32308282690916	1.34789931487045	0.500989175329345	1.25317255398931	1	1	1	1
0.608224048979421	0.37308117424645	-0.864180284039486	-1.70895008671478	-0.696594155617109	1	1	1	1
3.05946150773448	1.02686713659536	0.727516225553316	1.57742654049692	1.5587965065308	1	1	1	1
2.46790016261498	1.04102197555726	0.795877829879821	0.138240640527705	-0.420775466203697	1	1	1	1
-0.46711248610347	1.15636459816964	0.700427535654447	-0.265915110552381	0.051683886396802	1	1	1	1
5.0886864704421	2.48804683363925	2.09918880825672	1.30512028399162	-1.46355971836939	1	1	1	1
2.63703427158838	1.3252820496332	0.744950066780442	1.0647527024348	1.8167120299115	1	1	1	1
3.64777573890159	2.10181157001584	2.75448294809439	2.45131541440182	2.8266505382065	1	1	1	1
1.83530439797498	1.34344648605652	1.55268101266226	-1.00564638765642	-0.486675216836178	1	1	1	1
0.0526893658382667	-1.8630471806482	-1.77539226455927	-2.14333280589377	-0.889416728499365	1	1	1	1
0.639340195953135	-1.00442227597054	0.206628266131366	-0.452893345767181	-1.79997624968743	1	1	1	1
4.13725025853017	0.440950206930582	0.371459734285171	0.599840201414353	-0.197420544289638	1	1	1	1
2.63331679494164	1.81432086899285	1.27271219316969	-0.0490749779053818	-0.590203189524705	1	1	1	1
2.13045435466589	1.16610308212648	0.291518450651424	-0.40607885390017	-0.6664793599727	1	1	1	1
2.68914814010262	1.77147533060127	1.78468171418609	0.794541375042854	0.317270588104548	1	1	1	1
0.0248096746977789	0.196325301315306	1.23225518510179	1.25245198444664	1.43761564369447	1	1	1	1
2.12347517220173	4.06106116092213	3.30547308948382	3.90271117282642	2.73715456592905	1	1	1	1
2.14191849056383	3.01982038381865	3.70662676959613	3.92576268566653	0.870292340563784	1	1	1	1
-0.368639218261328	-1.62087871894413	-2.23640676324689	-2.4902122823209	-2.76660491766602	1	1	1	1
2.27364431830632	0.690046382262936	-0.151238214594978	-0.546008859220162	-0.486281786033424	1	1	1	1
3.30014011566641	2.65654755722156	2.28513546735284	1.87523888222073	1.47144317519047	1	1	1	1
3.54590924272814	1.33661646629863	-0.573405033189062	0.601509352712908	1.48777446696685	1	1	1	1
2.04892044129317	1.74958462305371	1.92517957105181	0.700354153820478	-0.426627737640412	1	1	1	1
3.21445461488155	1.09540440217338	1.04354870228801	0.85212545218767	0.470962253319026	1	1	1	1
2.63620347608276	0.926839867116845	0.564596826701852	-0.138533453903763	1.74700833759395	1	1	1	1
2.0769994944968	0.943234464935137	0.769500034266844	0.702317110841825	0.716162515639247	1	1	1	1
1.92831881034619	1.47729888446937	-0.0773659527104543	-0.97824959504677	-0.784610390397169	1	1	1	1
0.292850330167899	1.45876734928333	1.86067387843108	0.388191557206883	0.178770963969206	1	1	1	1
1.52878402258626	1.58605055628402	1.08822734882169	-0.178801204586133	-0.249811674685852	1	1	1	1
2.77473212396514	3.01385647263027	3.06162840122057	2.29078075004045	4.03973090885915	1	1	1	1
2.20761944744728	1.93542996944033	1.5186611680805	1.47122117246301	0.769798569929054	1	1	1	1
3.11571213382087	-0.16340090110629	0.385216068573819	1.10579647348546	-0.0353968362264238	1	1	1	1
1.66792466430573	-0.000817969487040271	0.150009861204021	-1.25365816172128	-0.144772156882114	1	1	1	1
2.40355065839706	2.86280513567886	2.33144665661737	1.22044572130919	1.55761065143794	1	1	1	1
0.765292700160602	1.6117938700202	1.64198739016718	-0.132072599047131	1.66912185040677	1	1	1	1
1.88555079607188	2.40243850069425	0.676912061493374	-0.255503662433425	-0.366197320425264	1	1	1	1
3.14006985922743	1.92604761102548	0.0304759934901595	0.377218534619015	0.560628045668173	1	1	1	1
1.83887713208473	0.799808661574537	1.45646397002721	1.58252726035188	1.84841810581073	1	1	1	1
4.01753821239271	1.39106310145943	1.39673197698492	1.69665075055492	1.62320302437395	1	1	1	1
1.90275672410517	1.80378052687738	1.66405833962716	1.03139596159065	0.30695665226668	1	1	1	1
2.63099313955466	1.60761116538822	1.30316273217879	1.20326116208205	1.4177068118414	1	1	1	1
1.45266818629113	0.748869307020087	-0.322527073144203	-0.443328274350396	-0.150841563978735	1	1	1	1
3.9968984170434	3.28919767653308	2.43198494556926	1.16852106320475	0.359332175091342	1	1	1	1
1.50763844018671	2.22920801387367	0.264224225646301	-0.959639638004327	-1.51262485138528	1	1	1	1
3.11285030244885	1.96712456795589	2.0106344985123	1.82036329785025	1.59583772941506	1	1	1	1
3.96818838837411	0.790507986068524	-0.800110965903656	-1.14994418325255	-1.17078389224325	1	1	1	1
-2.20414893203814	-0.704531422457576	-0.114984912033297	-0.583618130738096	0.173639538451706	1	1	1	1
2.03022677765826	1.42259268509146	0.73742135174087	0.865935223799713	0.718201959164085	1	1	1	1
1.00350406534556	0.687890230185804	-0.791163750888079	0.0907078111669604	0.477574344966846	1	1	1	1
4.65713744637375	4.37197316858373	4.07834646029184	3.9061865982625	3.2230354319053	1	1	1	1
1.80788637984196	1.09000906729308	-0.0688206904647677	-0.0133603077000827	1.49733029521494	1	1	1	1
3.55156183690943	2.48206029050727	1.1424285959019	0.536822982404126	-1.31178000411021	1	1	1	1
3.59554434975833	2.96769965997538	3.75093307273581	2.22502257543586	1.30104939114025	1	1	1	1
3.19544855597293	2.13907583890632	1.32012779289272	2.37396372122894	2.04903818641496	1	1	1	1
1.65456317979665	-0.179914583113898	0.10888583009976	0.532946904972172	1.23261939949078	1	1	1	1
2.01019876721274	2.38260647225542	1.5193324757288	0.615758533083175	-0.150002768559789	1	1	1	1
1.62911754511227	0.130889244435029	1.68907927110178	0.808771165405059	1.0999650156799	1	1	1	1
3.08465195870714	2.56610812579837	2.29904518082865	1.34707225336576	0.263226970727803	1	1	1	1
1.43738718624104	0.430036130970088	0.552610573789291	0.213132625733314	0.606693199163114	1	1	1	1
1.96226524256677	1.17637030579857	-0.183291382942637	-0.877846062231965	-0.890795954291339	1	1	1	1
-1.18368220340267	-1.76202665107632	-1.9536657613474	-1.53598831025968	-0.885902641760641	1	1	1	1
3.14604319870549	2.49646468609098	0.903294552126654	1.04387499646338	0.207346382064148	1	1	1	1
1.77705664346976	2.16428451999617	1.90040701654154	1.71651916422956	0.14775692989944	1	1	1	1
3.39107173462342	1.78475864556292	-0.195777740387252	0.439148993815524	0.829482410418374	1	1	1	1
3.44139130625617	1.87081270273301	2.30675607889758	1.40126067345867	2.17822104185568	1	1	1	1
1.10082789438769	0.34546803151044	0.705257627439519	-0.51192536991097	-0.817254534810138	1	1	1	1
1.53409941475822	0.348580591647851	0.470550167945531	-0.491694540753677	-0.800370748489738	1	1	1	1
2.29884831362522	1.81974802703218	2.75220259650431	2.21459542505838	3.52500673972504	1	1	1	1
2.20360101955214	0.983020283386495	0.858050710386761	0.77355422845241	0.551568036721082	1	1	1	1
0.941721723254593	0.994621638848529	0.333927054383649	-0.9410009934243	0.534531372120995	1	1	1	1
2.81883268623007	2.07381409681979	0.10765786006121	0.0548994896908548	-0.740717455090506	1	1	1	1
2.01100436227616	1.80532717352525	1.58715460124286	0.230284118138343	-0.060373862274615	1	1	1	1
1.31368731853555	0.815667934053149	-0.804588929949572	-0.28689644945944	-0.720538013281682	1	1	1	1
4.14340848294422	1.67629083226646	1.62847402438991	0.886673340207612	-0.305324976628485	1	1	1	1
2.5195299553933	1.5016096137633	0.325318196401291	0.163995592501828	0.48195083214103	1	1	1	1
2.62165170274366	1.41535562232891	1.30154200859419	-0.0654491895396507	-0.268710050217429	1	1	1	1
4.81372311783407	3.15060442543868	2.13010729197162	0.871529610562215	-0.563822916805614	1	1	1	1
0.60284291859461	0.254476267148387	1.96740276513626	1.63174091525531	1.40482167617312	1	1	1	1
1.51749453980684	0.689217952392699	1.1062188357924	0.533341592359648	1.24099839644207	1	1	1	1
3.46995850694693	1.15965588934519	0.191935456814022	0.522183146126869	-0.220302680098996	1	1	1	1
4.15521955730393	2.37212276610284	3.24823672846062	2.62271054628547	1.13009320086433	1	1	1	1
3.30002518098089	2.0882292433378	1.26514416204271	2.10528223320821	0.858190626715411	1	1	1	1
4.18365971037663	1.21258490940562	-0.260332898874656	-0.0738163205660394	-0.18352986415235	1	1	1	1
5.17626931371455	2.9261497647172	1.92441999165821	1.8014753381058	0.36624916331229	1	1	1	1
4.36075648464139	2.66661909505441	1.54407856067867	1.24246036705397	0.545944778431563	1	1	1	1
2.39557228556777	1.013485433453	0.0673555904660225	0.484678264209289	-1.15235347651991	1	1	1	1
0.936133531777301	0.595579946315425	1.18129938955162	-1.03384754918952	-1.3260945652353	1	1	1	1
1.30907058262873	0.173763831771709	0.199379768015036	-0.719650943791262	-1.75902048731354	1	1	1	1
1.80318473306711	1.28862798378973	1.72827680124655	2.156276688475	0.996550248757395	1	1	1	1
-0.443106352411216	-0.786562446430985	-0.635666657706934	-0.359505466825298	0.0832183311713423	1	1	1	1
2.02569760927328	1.24102072517961	1.68082873076633	0.687772442797201	0.669182917322686	1	1	1	1
2.55812840257973	1.12329715334584	1.80530373564669	0.514577077401663	-0.000358944516837822	1	1	1	1
1.28305528305405	0.426645364707895	0.509268087670456	0.768630214052946	0.490112646887848	1	1	1	1
2.56382455251191	1.18192863405104	0.285302926017267	0.299758820715031	0.495990687127796	1	1	1	1
2.40945580138478	1.68878002918582	-0.228786392941284	-0.952386145072762	-0.519666853774139	1	1	1	1
3.04080358857365	1.86631740035303	2.37502744944993	1.26711874668756	0.59707362772061	1	1	1	1
0.93205593151962	0.686902889539822	0.313684118133754	2.44789197494447	1.73359567878756	1	1	1	1
3.46226818623548	3.95423106062613	2.62176443031244	1.43391210359005	1.21910121021566	1	1	1	1
2.94249494039644	0.911140033596402	0.189591942439771	-0.834569835839733	1.0627674793145	1	1	1	1
2.36605110992705	2.15529070590997	1.31820132506296	0.47482879797268	0.836528153935036	1	1	1	1
2.88621835963562	2.00018356553933	2.05721758350478	1.06803493716935	-1.07054624776426	1	1	1	1
2.10658138702774	1.27060078931958	0.399212774911643	1.2873953792525	2.35897504153021	1	1	1	1
3.54779336696808	1.24535551757046	0.969038361765802	0.23249916786961	0.726685499028061	1	1	1	1
3.5322036872994	2.03571511184014	1.4981892943573	1.92981770039228	0.840026955281077	1	1	1	1
1.56596797313312	0.75694298610296	-0.407919033650422	1.11487808056635	-0.524359003643654	1	1	1	1
1.47463963980499	2.05317566179787	2.04007375966949	0.925780221740881	0.577116070595533	1	1	1	1
2.56540217678596	2.22108440520506	1.38535958753771	1.22439457801257	0.739460157781039	1	1	1	1
1.73978216380664	0.778271119277689	0.159582254163624	0.61853079274516	0.569522910351504	1	1	1	1
1.61314111768331	-0.0483373701478307	0.575159617776585	1.48019161169752	1.5145934988402	1	1	1	1
-0.117416552102286	0.135500787098038	1.25870059335498	0.829732120787492	0.398486573656521	1	1	1	1
4.89238760844249	3.26799970002511	1.31857737166043	1.50884048065205	0.588083793182366	1	1	1	1
0.0383897952646834	-0.272550661541019	-0.169415212230862	0.368255033215845	-0.963159029540348	1	1	1	1
-0.784063742184732	-1.03196316039525	0.0290943946135871	0.0652478338660454	-0.150364857910552	1	1	1	1
4.30545738697811	2.79996230734304	1.78322290624789	0.492289408898139	0.258021680798681	1	1	1	1
1.26918716500141	3.20355719111568	2.94373933336671	1.64541918766614	1.369152674665	1	1	1	1
1.77592903739731	1.97030077820502	1.37809362390221	0.313973314369099	0.301818202581006	1	1	1	1
2.80690967487331	2.48114771950579	2.19850522826957	1.33793228597506	-0.334974802461906	1	1	1	1
2.88791152241718	1.26643946804147	1.6719358114249	1.52259723835542	-0.591045039044763	1	1	1	1
1.90942850844191	0.463796489811015	-0.497258860774944	0.307469664527811	1.10838522716486	1	1	1	1
2.77420748096233	1.48275364357298	1.18868302595904	-0.179801433932749	0.315592337948339	1	1	1	1
-1.27598104625069	-0.0473832786438226	0.349283953130678	-0.533429400702066	1.728474210335	1	1	1	1
1.30106905298825	-0.11282677383364	-0.875028082766509	-0.544639505633208	-1.32673644472912	1	1	1	1
4.84142892000408	3.29086312844713	0.981389086136863	0.8729303582151	-0.135908809654416	1	1	1	1
3.83747607746685	2.66840502873648	2.7205972169709	0.923868461273272	-0.762239324030409	1	1	1	1
2.85467176428869	2.50101497394753	1.33374058675385	-0.0636285828353359	0.0924982050133618	1	1	1	1
3.770603361492	2.17230486064415	3.37939266553977	1.64007672639107	1.02167102205185	1	1	1	1
1.08281926612181	1.34802011927774	1.64679008070776	0.28918601963629	-1.48424261546146	1	1	1	1
0.173299339222973	0.934039063594056	0.0574618803045098	-0.0871017811084991	0.415976011391761	1	1	1	1
0.218544877509213	-0.969765165574055	0.148162400112475	0.336465367341158	0.646499788619332	1	1	1	1
3.78771606014986	1.43635577208829	0.112616386379085	-0.757291378939891	-1.91281295700835	1	1	1	1
2.61426631340171	1.47624411369228	0.734440493595445	0.132790789254558	0.422412769533819	1	1	1	1
-0.0599102438727347	-0.1044696310409	0.187305590305633	0.278337970692695	1.14012246782446	1	1	1	1
1.86786419131095	-0.757992260787914	-2.35169815807911	-3.19290036847851	-2.48342452402598	1	1	1	1
0.90791066704213	-0.955989250465065	-1.91879097230907	-1.1351690442208	-1.70375728792038	1	1	1	1
2.76358618247545	1.57734484521001	1.51179404708945	1.15286225491764	-0.152824264873164	1	1	1	1
1.97645830417115	0.988552919717485	1.1542837904903	0.341883002870616	0.62161392453172	1	1	1	1
3.05350629814524	1.35829489535651	0.148433587411012	0.496800997829811	-0.925378317107178	1	1	1	1
-0.109057477839478	0.519647630850432	0.800497367640647	1.42780180557426	-0.435341294357979	1	1	1	1
0.458329440159321	-0.175783828898131	1.77809469813916	1.81471807808744	1.37601723283685	1	1	1	1
0.542123054459001	1.47406936598745	1.14413346123759	0.149289455712264	0.490587487945423	1	1	1	1
0.227765705825093	0.0729066038053842	-0.158015546909734	-0.249911844903935	-0.8441354647759	1	1	1	1
0.756388422968807	-0.682021518725088	-0.669511808446002	0.218136740429324	0.796786804754568	1	1	1	1
2.0982547705503	1.89968828146602	2.08407251655897	1.03542487482939	0.14732536413505	1	1	1	1
1.61552266729079	2.2633505047138	0.979848803963276	0.804942196250697	1.62549841152542	1	1	1	1
0.844631013495613	-1.14515991514376	-2.07350406415518	-2.25693773241256	-0.279134363374464	1	1	1	1
0.506344224168622	-0.798661224411802	-0.272038882836024	1.30420801005445	0.97715179796424	1	1	1	1
3.4265304898034	1.50912538913224	1.36351411346175	1.68147886365402	1.25975553927432	1	1	1	1
3.571063637564	2.7345707460105	3.00205463251425	2.45989140458806	1.09489951698381	1	1	1	1
2.17429366640048	2.21060694944069	1.8184409712427	2.28169686908305	2.38445248904486	1	1	1	1
1.83634839241014	1.74708692847685	0.965409553505407	0.550147084386862	1.21594092574004	1	1	1	1
2.71492387960397	1.60002727587637	1.0421636734519	-0.216906743710787	-1.22501447653737	1	1	1	1
2.17556771590371	1.84864071060853	-0.187435351576481	0.205478437997693	0.978775962880645	1	1	1	1
2.21976557528036	1.48408589421869	1.93189125562671	0.534986520329009	0.0351005469967394	1	1	1	1
1.5774855666177	0.894678086446978	0.812015674939096	0.728514861646308	-0.881365405178233	1	1	1	1
1.86567131595305	1.17347967522363	-0.742975421029494	-1.36501841692408	-1.69126406440796	1	1	1	1
4.54509287087805	3.82033655331265	1.74022441120708	-0.380911778645268	-0.763274326051132	1	1	1	1
-0.405364377964259	0.232628980542838	0.489012072697138	0.479507081203896	0.710183853897622	1	1	1	1
1.18886439129224	1.59463606919032	0.344170446083401	-1.38474096671899	-0.167842498592035	1	1	1	1
2.28736541362516	0.731555531654468	-0.323201560876851	0.124823784351127	-0.616983661772499	1	1	1	1
1.80909329190044	0.636688281888698	0.476600540192657	-0.955707327481443	0.452818365547789	1	1	1	1
4.64161431634007	3.44675617942474	1.57411604769493	0.850923396424159	-0.305325221514181	1	1	1	1
2.68188537167217	1.72154082584113	1.23311230258386	0.48958195504287	0.737429371725308	1	1	1	1
2.26049071265338	1.29802753328097	0.942812938434939	0.564778234434784	-0.809643783087538	1	1	1	1
2.58093451780256	2.97088989827836	0.91183180472015	0.92110408226113	1.04440777630731	1	1	1	1
2.78207149564524	0.0376498585174332	-0.644744207595255	1.2239089183899	1.74347423057892	1	1	1	1
-0.435557304641438	0.513869397448309	-0.91632982437359	-0.219774306428435	-0.503707599589004	1	1	1	1
1.85439858353377	-1.16792715270161	0.64473530112419	-1.67983473551343	-1.20844663526017	1	1	1	1
2.75524581277406	0.654331488449013	2.08755892539197	0.43716865131678	0.219580722023762	1	1	1	1
0.665400042317562	0.583167306312086	1.38070964950118	1.52942886233576	3.2833020965201	1	1	1	1
0.457350779111706	0.840496245940483	0.0448349380583601	-0.939027283624492	-0.0836353164074805	1	1	1	1
1.61111937524893	0.442420882563362	0.342976091729058	0.0110309248870647	-0.96558015063967	1	1	1	1
3.26671562219985	2.83987060248473	2.42171232397429	2.83636823058005	1.59158843570689	1	1	1	1
-0.859571967229601	-1.63181793245041	-1.53523177882095	-1.30820565763473	-2.09303107013544	1	1	1	1
0.702068020696593	-0.293683014467741	-0.316675174650364	0.298302514120369	0.603706766038315	1	1	1	1
-1.3954447786403	-1.14248152080318	0.317199521872807	-0.0794217905411302	1.31095846980819	1	1	1	1
1.17348646764326	0.381948855000127	-1.41360920237105	-0.904878261387143	-0.561079883533956	1	1	1	1
4.07520801943062	1.44749810960936	0.717432093242937	1.21379421466243	-0.248604517850745	1	1	1	1
1.90782691795481	-0.162845803782526	-0.0307058806842168	0.0991703651812177	0.252850880211909	1	1	1	1
0.529569868705553	0.2940569245966	0.441379223165905	-1.20868212481221	-1.73096892731653	1	1	1	1
2.98070830722265	2.39580147949871	0.501230403231841	0.883002922975177	0.992055488439707	1	1	1	1
0.694119419184944	-0.183547594129825	-1.95659304159725	-1.4091213269173	1.25397765554155	1	1	1	1
4.29636319126088	3.43331451042577	1.54472739636811	2.90462348894955	2.59748423706786	1	1	1	1
3.83770763667011	0.804473559345512	0.45433947909135	0.410563578571604	-1.91439103350275	1	1	1	1
0.877366301558556	-0.411290974045281	-0.979110491583271	-0.510827548681265	0.161858767163479	1	1	1	1
3.20629297423181	2.75044594155664	1.62076945516502	1.56726609653482	2.21356438202134	1	1	1	1
2.73410071980457	2.15794799435342	1.16720477929147	0.89398895244457	0.649647345976603	1	1	1	1
0.863865702287759	1.54744741716736	-0.0359087804672635	0.207970452077082	0.000730150898266446	1	1	1	1
2.42814715107372	1.18134514894733	-0.80960008643716	-1.10457821496468	-2.18888313758837	1	1	1	1
1.24220486645567	0.577595852163562	0.450937033003327	-0.829823897643797	-0.380487859197684	1	1	1	1
-0.0507844115720072	1.93934814350907	1.86786234725757	0.811031215911495	-0.663846438494529	1	1	1	1
0.426262948798515	-0.195535834076266	-1.09240778600491	-2.31442616257304	-2.47973777895556	1	1	1	1
3.69845075454312	4.09227954606529	3.29361787793395	1.49100898577775	1.38136063615176	1	1	1	1
0.0882881176571259	0.353368272012776	-0.0764207583397773	-0.285022843818057	0.259908531065901	1	1	1	1
1.70491990838661	1.07309233348822	-0.930384877484398	-0.342031463004651	-0.0645675334285499	1	1	1	1
-1.01506205856735	-0.32914247742515	1.14808267472585	-0.314759400838035	0.0108318822238595	1	1	1	1
1.07033824229164	2.05506243906704	0.706240641986143	0.715131714050428	0.396884470103437	1	1	1	1
1.13148707990211	-0.640228718275944	-0.554160635335917	-1.60906819116502	-1.85325086934047	1	1	1	1
1.09993168482181	-0.196484912339068	-1.77027093904712	-1.30535713871736	-1.58512415858654	1	1	1	1
3.63428963520096	3.17824312178127	0.875322418543739	1.77487322593237	0.819083983397879	1	1	1	1
1.1021386574309	1.03383817073317	2.24703740301349	1.45318041950228	1.55106873041687	1	1	1	1
3.2468158934043	0.700236012754252	0.269420170395672	-0.395434960828717	-2.04085349689529	1	1	1	1
2.48098061685188	0.329372617519082	-0.356628200097923	0.427555013078819	0.458894177476319	1	1	1	1
0.654893524131814	0.0106675032138742	1.36285227367764	1.78792335986607	1.54404786146047	1	1	1	1
1.91049918213689	1.57329417029343	0.547723754439707	1.20798698514287	0.151895071707421	1	1	1	1
0.403474506769689	0.235912879680736	-1.06759880047045	-0.0148585061550416	0.195160306084415	1	1	1	1
1.70076339942942	1.84153896563037	0.232696591464399	-0.359453770907604	0.227662959411127	1	1	1	1
3.54910577943148	1.67725932821789	2.34466175877368	0.790111992359155	0.894442863007029	1	1	1	1
2.62050971467127	1.55370441241632	-1.02735412062133	-1.0543194317735	-0.83479379937543	1	1	1	1
2.21711999773821	0.744796566184738	0.570437069119542	-0.41929798514619	-1.33789001230163	1	1	1	1
4.28051730358608	2.74254295231766	2.13597381921238	1.95960637172069	0.619737362763341	1	1	1	1
1.3727937494642	0.279458928026941	-0.456734528344312	0.660747526099091	0.616091016438931	1	1	1	1
1.97403752790833	2.61439561499968	0.794644123360031	0.220218210422128	1.39023053368417	1	1	1	1
1.943152350375	2.52164167113402	0.862428836792294	1.48547302777897	-1.2243307587524	1	1	1	1
2.36065216775281	1.80036743630305	0.666599396818464	-0.972593615256618	0.19139768098819	1	1	1	1
2.84532286740865	1.44176853332955	0.00957694466404135	-0.36069968172091	-1.43470721817331	1	1	1	1
2.50304560724196	2.92003206007261	1.83232111284673	1.68154921221099	1.50472482062067	1	1	1	1
0.513414135292599	0.941634113894483	-0.99050146373533	-0.241916773260612	-0.144324644677421	1	1	1	1
3.57230730380255	2.11524092214497	0.915117687472371	1.56707855209129	1.9217101657022	1	1	1	1
1.79151495599318	1.33431219053715	0.584907028405522	1.17702113079228	1.55220515192292	1	1	1	1
3.49656445480739	1.69661869895275	1.50393120983869	-0.0503108700363477	-0.996650707397236	1	1	1	1
0.0324886224537996	1.00577001767667	0.750157547077402	2.21742259256161	0.711530005924316	1	1	1	1
1.94285014008812	1.68674823799987	1.93655027925191	2.2478875871777	1.73690864257553	1	1	1	1
0.999663383877254	0.00774597579312941	0.193032093984008	-1.55720164916125	-2.39835533533953	1	1	1	1
-0.390492069443818	0.532423992796149	-1.33498535433016	-0.741214533070493	-0.739773364705359	1	1	1	1
3.85928608953366	3.01367687654664	3.71845126300929	1.83542892891929	2.19584418255147	1	1	1	1
0.64592823002045	1.05087968965602	0.363307915443513	0.399603833910886	-0.490525534991603	1	1	1	1
4.01122645312443	2.94321390416318	2.16505540553886	0.934427518341274	0.668937053248503	1	1	1	1
4.64503551870313	1.80609756489521	0.206831372602268	0.759571401170995	-0.682673398336446	1	1	1	1
3.90569786626363	2.95715052337597	3.13964540029269	1.99663709208605	0.145461991784904	1	1	1	1
2.99211626418423	0.535777360936159	0.0928919167823847	-0.29575988534064	-0.787836950380163	1	1	1	1
1.63978635052174	0.617555753348421	-0.0958324773996278	0.0761774802422048	1.06868954328256	1	1	1	1
2.43489747301127	1.33782318296741	0.395784043280681	-0.126430465875041	0.240151231685437	1	1	1	1
2.95910284774134	1.68193164333428	0.667474517008356	0.865805863008201	0.916243990068384	1	1	1	1
0.246842420533053	-0.308153842859807	0.214294139063717	0.150274620422679	1.33703920479079	1	1	1	1
2.67632811076789	0.809003782077672	-1.08548269064729	-0.923777792560425	-0.204089961855349	1	1	1	1
0.939323990342913	-0.197967163063052	-0.0788214110919872	0.178832913340875	0.596785579063776	1	1	1	1
1.17096407360763	0.252756240686775	-0.0380660640806526	0.223105302180151	0.831272211056352	1	1	1	1
0.740123787738972	-0.691842226639517	-0.29175740578505	-1.22153415548765	-0.812847800127788	1	1	1	1
3.61353574460687	2.44130022795506	1.30046994531114	1.43460057202768	-0.16742248199518	1	1	1	1
-0.355590104294335	0.564771798618837	-0.300273152288516	-0.47479992503362	-0.678478777338948	1	1	1	1
2.06374900386922	2.55971600245638	1.4196510107379	0.733572707806443	-0.411201553763576	1	1	1	1
0.586098292223977	-0.191835568511535	-1.14988482963572	-0.438736074560489	1.02831162826796	1	1	1	1
0.240578774230481	-0.950801403197314	0.264841314365856	-0.465648991571336	-0.369257580803538	1	1	1	1
1.32488620055469	0.462085942300495	-0.661549664084217	0.380355699310879	0.669357520483362	1	1	1	1
0.981747069233598	1.14142711265402	-0.225447255390617	0.200382865638903	-0.523773935989739	1	1	1	1
0.642794137154044	0.363789264169264	0.299994320548791	-0.226082566416489	-1.36101688329453	1	1	1	1
0.200765935992077	0.766678105575481	0.232608582718446	-0.0720216151952676	-0.271973427209073	1	1	1	1
1.48275266708573	0.736409754907885	0.517069722272367	0.59729916711754	0.121003223438866	1	1	1	1
1.10575503594595	-0.342454666701073	-0.721158624330786	-0.747855593313301	-0.266622428834819	1	1	1	1
1.47415085229174	1.91149598898855	0.907238711613814	0.390670879266908	-0.229751024529602	1	1	1	1
2.87889318060332	1.18053623031166	0.778992656557217	1.04737295619935	0.395686671607315	1	1	1	1
-0.0788902053502088	-0.546126555464152	-0.108404758100516	-0.924884038151013	-1.86271892767732	1	1	1	1
1.06849462688567	0.727481684530524	0.00732791597540994	0.279487337625857	-0.311942164076841	1	1	1	1
0.772304450160091	-0.216793365341778	0.325338888074294	-1.0326905377337	-0.134519894121499	1	1	1	1
2.36846343511977	1.02906368810481	-0.366669049678855	-0.795831698690677	0.588001450459037	1	1	1	1
4.50895755027467	3.91258000720237	1.99454357458448	1.42680520462432	2.03229611558157	1	1	1	1
2.34244807877658	0.97907662577446	-0.108249429982248	-0.918173190967931	-0.685796884318643	1	1	1	1
3.31060973990129	2.04353020771812	2.68289161125759	2.73797429480353	1.19118373636142	1	1	1	1
1.80838669367096	0.720488913716106	0.20176031242011	0.477171045887171	0.64889274572221	1	1	1	1
0.745582559600865	0.157531246740366	-0.045856604189101	0.632053082699633	-0.849415928120459	1	1	1	1
3.45011762319161	3.5728970887607	1.36123048379248	1.94576173549278	1.4178191703774	1	1	1	1
1.49916490382837	1.42070529929011	1.307801815146	1.9513401924501	1.32536838262486	1	1	1	1
1.38141994263325	1.04219550260872	-0.467496207179293	-1.07076152009502	-2.27434624254359	1	1	1	1
1.70260860390786	2.4071436976005	0.613069279690705	-0.350819276053069	-0.959004135890779	1	1	1	1
1.69079641183717	2.75704752693493	1.03654673794198	-0.0978377760077676	0.744266626317172	1	1	1	1
2.77624683226189	1.80475246346269	1.94931328792211	1.29660751879615	0.852090174477761	1	1	1	1
-0.47482258489157	-0.72614720730599	0.165074713652124	0.115924954515473	1.1476851437859	1	1	1	1
1.70163070939787	0.152053138692447	-0.198384491520864	0.410742418185555	-0.175119469980001	1	1	1	1
0.376414239825907	-0.0971035767791029	-1.21745596783567	-1.2973685964731	-0.0173335589639867	1	1	1	1
0.509516501105546	1.07216145657055	1.50647842861599	0.0663154267488741	0.577861683726115	1	1	1	1
