0.999530765327852	0.586455582552442	-0.74966917208316	-0.43975340114497	-0.32706546727793	2.57	2.55	2.02	1.23
2.89800324781867	0.268875215545909	0.300574185878412	-0.807016866906485	-1.34913317209574	3.83	3.08	3.21	1.09
5.52760838175565	0.586904264917416	1.02111090391456	0.718471946365271	-0.04187933789965	3.62	1.54	1.04	1.55
-0.350794157906649	0.863054937054851	1.63382777737603	0.474063758120817	0.545411360525683	3.57	3.6	1.62	1.52
-0.0111970378818122	0.634094609153286	0.964596402723683	0.899388995096235	1.25670150182738	1.88	1.86	1.34	2.23
-0.433103119981098	0.55045400288728	0.0843489465400329	-0.619713761564403	-0.516523871421514	3.51	1.11	1.3	1.83
2.87526510795235	1.77308123474458	1.26438097983509	1.04277000883856	-0.275835697316008	2.24	1.05	2.23	1.01
0.5242881262102	0.893146485294173	-2.06079515527675	-1.66960682727104	-0.85447289530132	1.45	3.49	1.37	1.2
2.12288538765656	1.03869785589066	0.518785530649114	1.33017125270758	-0.342910677439179	2.72	2.1	3.27	3.83
0.944763942191585	-0.460219764855894	0.97935449742684	1.23524999836475	0.578912947829361	3.46	1.81	2.26	2.89
2.32686824038068	3.20809778000958	1.6437110666615	0.568894888519158	-0.0394078829576709	3.24	1.15	2.49	2.77
0.722202991983704	0.158883056309441	-1.28890010365747	-0.646357640296412	-1.16832808944646	3.54	2.79	3.25	1.06
3.962782130302	-0.0551698992205425	0.654200520994919	1.12899578722766	-1.09780562521722	1.76	2.07	1.25	3.52
4.54842494887002	1.55515436313497	2.0133082039864	2.64906613814327	1.53648096343705	3.97	1.28	2.06	1.25
4.35280178661552	2.0184294007514	-0.251070310804912	-0.54106008427443	-0.0807790953443992	2.84	2.78	1.43	3.74
1.93119421605681	1.44180693466852	-0.000664981744723736	0.700883313717771	0.117590678048548	2.05	1.97	1.7	3.16
0.589234122339614	0.939241158751305	0.117109151523287	1.14077914516199	1.35605028341828	2.44	1.9	2.41	1.55
0.987426665004094	1.90395726004067	-0.11613416848877	-1.19529856947926	-1.0834099118193	1.41	1.74	3.65	3.16
1.03765285563357	-0.181419061493801	-0.691435805026088	1.75915460438619	1.3450050713161	3.49	3.36	3.09	3.35
1.46187214461578	0.56644655288205	0.506697444447867	-0.0782126021537493	0.805956445260787	3.07	3.16	3.49	1.57
2.57265479529613	2.14831912861559	0.843929406741683	1.62642725953798	1.45132257936849	1.86	2.01	2.46	2.96
2.52708178978912	-0.429961003882052	0.112469090146905	0.0864170164842356	-0.224027083137399	3.15	3.12	3.07	2.65
2.93413958366229	-2.20103392590679	-0.540688597307943	-0.177432502268874	-0.114330120168012	2.7	2.53	1.53	2.97
2.7486695746567	-0.690262879028708	1.02723822807744	1.10758802465786	0.286386755400898	3.06	2.09	1.48	2.66
1.19569530196298	-0.475900194868507	0.564255462831692	-0.728635495288832	-0.746339571692584	2.96	2.58	1.75	2.66
2.66299600172151	0.58554061699696	-0.196479721786243	-0.517665355093547	-0.395946644362657	1.94	2.63	2.22	1.77
0.054915990983799	-0.143800563932408	-0.576102316405002	1.15510594990487	0.171089143908548	1.62	2.05	2.92	2.09
2.4638850542901	-2.37476907188156	-0.0636468337728821	-1.07617686219112	-0.271190627058877	3.9	3.81	3.65	1.93
2.06893585827026	1.93508687385435	0.339577761738228	-0.912966341427646	-1.92418293684144	1.37	2.98	2.82	3.63
2.27492405407665	0.693329745173332	-0.353125195632853	2.21938079606269	2.71526411549501	2.08	2.56	2.06	2.31
1.76226372107602	1.17482764212412	-0.236151390175932	-1.62399348772329	0.147752014552282	3.28	1.78	3.89	2.57
1.70190348158293	-0.256299010418281	0.0106486345535114	1.59535061107666	1.06529788772371	3.85	3.65	1.52	1.22
3.700058088645	0.858339642690084	0.546051869770637	1.68938697951138	1.84545055153313	3.24	2.52	1.61	2.65
4.11659760750726	2.09983362232695	0.754767951984634	-2.33287905049185	-0.689001138371498	2.65	2.07	2.25	1.67
1.85173350982614	0.183959673460067	0.236706843319596	1.33928370379303	1.12873103943435	2.64	3.89	1.63	1.56
1.64217583992813	2.76761375429505	1.12552441574505	0.575649154997075	0.466312900301745	2.64	3.14	1.14	2.32
2.22271020526466	2.59379420088239	-0.227608037770559	0.239400427269179	0.658980235636231	2.73	3.48	1.88	1.1
3.25541423926919	2.02444612341062	1.4057714521905	-0.306216229244461	-0.649188022338892	2.84	2.06	2.86	3
1.91854825201006	1.93381791190879	-0.721052869000813	-0.598596852934174	0.859945087770169	3.08	3.05	1.38	3.83
3.49542386588935	4.46551889175389	1.06309561480824	0.412479724258845	-0.225465219134938	1.87	3.31	2.21	3.51
4.23231466477563	2.12718183717765	0.0974265829454434	0.220249691349793	-0.360976357895099	1.39	1.69	2.2	2.87
4.23795440816571	0.562198143916337	-1.88864831279778	-0.446884966392476	0.365208856461007	2.01	3.78	3.1	2.62
3.19128159179008	1.20058114775203	-1.26309023580224	0.357767814020291	-0.667947771520237	3.92	1.93	2.66	1.19
0.709996671117103	-0.98520366186394	-1.03286652098459	1.53463752455711	0.713526170798062	1.49	1.5	2.72	1.73
2.3963706155183	1.09692429744804	0.57332216742901	1.34304214880376	-0.458578819687788	1.33	1.18	1.48	3.27
1.43296475427164	1.73172147059925	0.363051494868524	2.25747389413787	1.68014339646095	1.85	2.6	3.63	1.78
3.19850460591428	1.62852511609937	1.29387484004878	-0.0237769136520494	-1.23537216366268	1.69	2.58	3.45	2.21
2.46063152226588	2.62034865944683	3.31809302335679	2.0013945972887	-1.10085333595523	3.77	1.26	1.82	3.11
-1.72316401312352	0.992924366381651	1.25854252693904	-1.15828874580781	-0.99542932055776	3.88	2.16	2.87	1.29
1.00925647552899	3.14356745363006	2.75207593751374	0.573014769945343	1.35391377901656	1.7	2.04	2.93	2.4
2.74018124324239	0.488239696191596	0.319038444853708	-1.0229813791288	-1.41303533653704	3.55	1.63	4	2.31
2.22561841304284	0.48355775884498	0.783211384522752	-1.01205788203108	-1.32512133722832	1.72	1.55	2.73	1.19
2.36657121543122	0.261340816086287	-0.672241726565769	-2.70710221028901	-1.7599255810123	3.6	2.94	2.03	1.41
1.11397667318208	-0.169679261008175	-1.14193438572754	-1.80888983179926	0.921472966179187	2.38	4	1.13	3.1
3.79796344006679	1.5147749637592	-0.0413715575144884	-1.05252858353255	-2.63342419926562	2.85	3.35	1.02	1.66
1.59441860358659	-0.699276988060092	-0.665627217396066	0.558893828556676	0.777828574201107	3.72	2.22	2.85	1.44
3.97091231393112	0.611892247391483	-1.93087563143087	-0.826773031883725	0.889975633092322	1.83	2.51	2.49	3.36
3.55916330540838	2.61640312358725	-0.440556172738765	0.917265628249537	0.871556874025724	1.14	2.77	3	3.69
2.18099305524649	-1.05452160938439	-1.17922519337402	-1.01367541990099	-0.47116068954117	3.96	3.79	1.61	1.03
0.776308593569368	0.816314188493156	0.232609631826461	0.270159791873285	-0.368623759748364	1.31	1.45	3.58	3.93
0.986089006877004	-1.01438265665875	-0.860463705154187	-0.141788428888879	1.88080180492548	1.63	1.78	1.1	2.7
2.39431173841231	0.135223930719439	0.641614832159237	1.56853929218239	0.0162575948012263	3.94	2.5	1.01	3.63
4.65408941291088	-1.30008892453134	-0.45808026984408	-0.236344670218157	-0.135162959578656	2.22	2.15	2.02	2.88
1.2342204917124	0.608489873828352	2.33075282791193	0.657069351805482	3.40300278659881	3.62	2.67	1.79	1.26
4.56441771390769	1.50971171454324	-1.98453903772408	1.08213033130822	-0.416904455496668	3.89	2.73	1.59	3.25
0.140558096515784	-0.553957882102104	2.5485241657279	1.98779253821792	1.27552317533018	1.7	2.35	3.09	3.18
0.30935707614054	-0.292884674496954	0.837452459628243	-0.410925241278587	-2.65126027010259	2.72	3.49	1.38	3.62
1.46584312623176	-0.03238541564777	-2.32092600932159	0.058710479013661	0.313037627401199	1.86	3.07	2.88	1.84
0.581170990446383	1.11860974502775	-0.0129880927017093	-0.113700486427449	0.346207006397562	1.17	3.81	3.13	2.07
2.93839124089228	0.601200324158835	0.111484804055206	-1.66520089467147	0.254735351393543	3.44	1.96	1.88	1.61
1.8079211203769	-1.30052739395901	-2.53250034934596	-1.13798394243276	-0.588132211178138	3.71	2.66	1.13	2.16
1.29504191632783	0.116652307464412	1.05262860363771	-0.498787247372303	-0.943780175098275	1.34	2.79	2	2.18
2.75639974868807	1.70740484769055	0.535161823557337	1.58783452510244	1.02292245484831	1.68	3.86	2.85	1.79
2.01088195582486	0.469782700700286	-0.0468323918191905	-0.19620092772682	-1.42577087093376	3.89	1.71	3.34	3.87
-0.683914325273667	-1.92970924062769	0.58077121326836	-0.445494433007509	-0.895223295088881	3.93	3.46	2	2.67
1.67923972469074	-0.593812937323298	-0.784576608234188	1.76850989016324	0.0358525359898249	1.56	3.94	1.72	2.31
2.09897342561118	3.25173619309799	-0.0136795205384586	-0.00171172943081059	2.18852605188568	2.6	2.48	2.18	1.43
3.45354835960232	-1.55608084090866	-1.36840959536307	0.439203361529294	0.271331578570595	3.9	2.68	3.57	1.4
3.2126350746201	2.31902792608077	-0.767423703732192	0.432742521375965	0.252184446987155	1.47	2.92	3.14	3.64
2.02312675177174	1.73510790328544	0.350284311548781	-0.651980012251552	0.736244613260808	3.42	3.55	2.11	1.33
2.67721219798242	1.98190486793443	2.72019860830306	1.52515733713439	2.24932699408601	2	3.46	2.41	2.89
4.63253753926783	-0.667999988145116	0.0214640774988814	-0.603777589872844	-2.07766263393028	3.64	2.16	3.63	3.53
3.26027693957108	0.132358915848898	-0.171646473931995	0.609033129427564	1.09276556826902	2.92	3.22	3.14	1.66
2.27403762521145	2.07528567445684	0.569028513491597	0.623344390173578	0.631168623937691	1.61	3.02	2.92	3.04
3.06123386320142	0.671891877516183	-1.00780629023193	-1.7655536907717	1.79400197900806	1.45	3.37	1.35	2.45
2.87482834227958	1.81503410003242	-1.31735130575801	-1.21234413348063	-1.13298614370888	1.73	2.17	2	3.94
2.00050044707397	-0.394891272374043	0.852402009307909	-0.571883336208336	-0.74661009588121	3.73	1.08	3.71	1.42
1.06374111654329	-1.91737260817441	-2.80349050776823	-2.23440512002706	-1.29606447431526	3.75	3.64	1.55	3
1.44677239683976	-1.17843262229727	0.12467473384782	-0.166688088500791	-0.370854758912969	2.54	3.27	1.7	2.64
1.42259610420107	1.05697183014421	2.10139322443846	1.42689750122015	1.02587569563716	2.37	3.43	2.15	2.42
2.39542761642782	1.04482069921052	1.12168404649407	0.916641591182018	-2.00672295263543	3.54	3.56	3.99	3.03
3.93670301677953	2.25838006815773	1.67716972348903	1.13599048146076	1.70305136956569	3.41	1.32	3.46	1.05
3.42765023410956	-1.13202110384566	-0.370392059807388	0.0966397698448786	-0.891614532732607	3.7	2.22	1.47	1.88
0.74300009005251	-1.12380542806573	1.70852653186601	-0.869850005597612	-0.52172065900686	3.97	3.38	3.58	2.89
2.25451293308174	1.5276143291029	0.968009168539376	-0.543926341615752	0.654637172887277	1.67	3.69	1.12	3.5
1.721464920339	-0.272950239177707	-0.776071265760074	-0.468276902370741	-1.10185573987721	3.27	2.42	1.79	2.92
2.73429757978975	0.168706991550927	1.34027842917826	0.849393623965168	0.953260168234617	1.54	2.17	3.35	1.14
1.15860022182915	0.802861075433488	0.278970558538672	0.311853195876079	-0.515931514868422	1.88	3.7	3.47	1.33
1.47475046661845	1.76886723226472	1.16112410390617	-0.181013352083002	0.27796428146909	1.03	2.3	3.73	1.59
-0.109628422460689	1.38768443756469	3.5337691310022	1.77962262113766	1.33769638313892	2.7	1.46	1.25	3.34
3.6128907670224	0.580325968513644	1.45184616997872	0.12532013936789	1.1013214833547	1.8	1.13	1.32	2
1.56471162308228	-0.774685746381196	-3.27542505181829	-3.44427515860662	-0.990465151875042	1.17	3.93	2.3	3.92
0.42755716723623	0.224353196631137	0.947381795190714	0.823701264817888	0.416548987258317	2.65	3.59	3.84	3.72
3.16647003106567	2.49661435471098	0.146766558339411	-0.368606795092681	-3.17248364556483	3.38	3.27	1.21	2.32
1.83724238552354	0.243254491032599	-1.14423140628217	-1.14395092153758	-0.822543022043707	1.61	3.85	1.09	1.93
4.12959645626474	1.49654021684539	1.6146063724911	-2.67950227248738	-1.59847625717695	2.61	1.99	3.15	1.85
3.43063798611809	1.02218026834555	0.185915018755896	0.939550200154141	0.632881271863754	2.06	1.25	3.92	2.11
2.42321451614365	0.796516985424309	1.02623820735445	1.03294039817273	0.349470292586641	3.52	3.06	1.9	3.63
1.48950752223188	-0.400210414205974	-1.91361072236766	-0.864294009921359	1.08990872822665	3.84	3.24	3.83	1.62
2.12781873672054	-0.322059545069187	1.14633064136317	2.18129963886962	1.25131531730493	3.82	2.22	1.15	1.75
4.32479355365901	1.30754439287894	0.0852639239376776	-1.28240396525269	0.324212021414971	2.56	3.23	1.52	2.27
1.91593623247279	1.56494812484436	-0.170405880986775	1.33816679328215	1.86860750212342	3.31	2.53	3.76	2.02
3.10692948071287	1.12700255465817	-0.0735011859296538	0.250628577414706	1.17880687019562	1.1	2.02	2.15	2.21
2.68536112050657	0.69020261265687	-0.0472669412681855	-2.29712952661226	0.445766512893951	3.9	2.02	3.69	2.75
2.66119922433038	0.728780747993989	-0.264001380991595	-1.54248563272026	0.24970731040923	2.77	2.71	1.36	2.43
0.339190429584792	0.327851880733523	-0.326099944603259	-1.2366086080407	0.79389120295314	1.32	1.82	1.2	3.51
1.11814022688809	-1.07545391470487	0.611968475160553	-0.035922897157056	0.13025763640437	2.03	2.71	2.51	2.07
2.91178724014229	-0.167907856614328	0.516174951150422	-0.783142829846269	-0.0229729395877453	3.66	1.3	2.95	1.83
2.31934101620181	1.50799586825504	-0.991055958619102	0.0797079080589826	0.35589892825283	1.97	3.79	2.49	3.58
3.48035222792449	1.76328769848204	1.5579638725247	0.830318674291183	-1.01449440338564	3.54	2.27	1.59	3.67
3.87728717047442	1.25085267165768	0.228839091837079	-1.40862675157641	0.262860359720362	3.93	2.02	2.61	3.13
2.83829037353862	1.06358021900778	0.679437256364851	0.662801462814067	-0.579684590085727	3.8	3.38	3.94	2.78
4.07778712896358	2.65910559840783	0.290428824927458	0.115335000033783	-1.13418983656059	1.24	2.68	2.22	3.45
0.898856001070867	0.690860285969361	1.57417841192329	-0.454704280562658	1.82118101416425	2.9	3.12	3.79	1.38
3.10357064109636	0.163538290941355	-1.97277460398146	0.3713916014441	-1.33804029700613	3.72	2.39	3.89	3.01
4.89813103348663	-1.28727135561907	0.0440344804186477	-1.55423993297664	0.847387550814014	3	3.08	2.88	3.46
1.72191987262425	-0.320679214086113	-1.01921649107303	0.124137818378896	0.401066139705	2.54	1.18	1.2	1.94
-1.32578103284849	-2.63036425778587	-1.52101430670768	-0.142078253477773	0.0341399038707578	3.01	1.3	1.19	2.47
1.61041664403159	-1.72560531915864	-1.97729294897394	0.0454121640627633	-0.707348242087824	3.59	1.75	3.91	3.57
3.2238531415339	0.605706634470789	0.319598258965376	0.13718012441133	1.60799255919415	2.65	2.65	1.34	3.7
1.61642074792018	1.22491141306272	-0.729391033927729	0.0307932462754951	-0.266238229604947	1.51	1.88	2.53	1.11
2.0834902578072	-0.227033413067581	-0.925987919478005	-0.331670872795993	-0.172797525097326	2.74	1.55	1.26	2.61
3.70962477015489	3.38193377093677	1.05095249406697	-0.86191947743783	-0.911075192414211	1.11	3.73	3.7	2.48
2.24071257338538	1.4483131454294	0.293772354512909	1.81990886215897	0.421960061073559	1.85	1.6	3.31	2.37
4.379568533236	-1.02450940338381	-0.550327691254427	-1.03851807752034	-0.70562311372403	3.21	3.64	2.62	3.59
0.262283838624983	-0.0859198121060707	-1.10438246530304	-0.588675976861184	-0.0421185035855672	1.48	1.29	3.87	3.34
3.36289244833139	1.25885583612647	2.50765333262491	2.00006059199429	0.391560260119174	3.58	3.75	1.09	3.18
1.7203312683859	-0.932143335058075	-0.183960792073918	-0.396334118793279	-0.0586238739443587	3.85	1.79	1.56	3.22
2.1265859576238	-0.033690584194092	1.18898608699004	-0.0568185353418909	-0.0280254019417983	3.49	3.08	3.64	1.98
1.63501862240467	-0.255356388935897	-0.602180300318923	-0.135023733480596	-3.26654229930748	2	2.16	2.03	2.74
0.376745999223454	-2.56792150209768	0.241530286351524	-1.88448607781744	-0.132126882626126	3.83	2.51	2.12	2.86
3.05923501312141	-0.364306231237679	-2.27000822352482	-2.52706346857318	0.799932259778336	3.85	3.05	2.97	2.04
1.13570737507457	-0.459480195526515	0.255768659711619	-0.886543482488374	1.70883139035206	3.74	2.44	1.28	3.08
2.01134360079538	-0.0842453855342844	0.0142383960396188	0.551225144050133	0.130820428946789	3.67	2.64	1.46	3.26
0.300484850444371	1.20320793009739	2.13818362053554	0.20083863923966	-1.57547696079511	1.55	3.1	3.78	1.89
1.87418480844191	0.266371695556379	-0.637349274973821	1.86243152685705	0.794557358596553	3.33	1.82	1.28	3.58
5.13115780304414	2.2906654776227	2.06430773824511	1.43919269516242	2.69904680591163	2.3	3.16	3.06	1.1
1.64012738594262	2.89248585382584	-0.0514830784753648	-0.122734162838668	0.3904492637483	3.05	3.11	2.53	2.88
1.26835003113243	0.718217044397968	0.581828295961866	-0.330687320153011	0.232981767995486	1.93	2.38	1.27	3.4
3.2791908143799	2.29684656432607	0.273248921467965	0.479811484136478	-0.0348528009847226	2.46	3.99	1.89	1.94
-0.722865357562208	-0.577609088353251	-0.0571892769140175	0.831743381478052	-1.46471502024627	1.06	1.33	1.18	1.78
1.8409536598153	-1.63550084416923	-0.959704022874126	0.34749878574555	-0.780611902749309	3.15	3.02	2.58	1.05
3.71697949695989	2.52362167011447	-0.52933442749298	2.76866284385293	0.549471136464629	1.36	3.17	2.25	3.78
2.79173851723083	1.37695133253694	0.635354646520157	1.30404900897215	-4.07590786085551	3.32	2.56	2.97	3.59
3.14186567719056	0.618926794363071	3.45766261941989	2.31899922656792	1.00273534793351	3.88	2.16	2.9	3.08
-0.152792458885697	0.156013615342425	-0.268300939029113	1.76050953706305	1.46271883077066	2.27	2.77	3.89	1.91
4.01977306054129	2.89455028684271	0.99708324861827	0.0101234668491569	-0.44023729930219	1.49	3.8	1.41	3.53
1.96908579898935	1.15077936143564	1.35086939577921	-1.58547222177501	-0.0314612827239965	3.17	3.54	1.69	2.54
0.150460133764005	-1.67558095484473	-1.44188718265337	-2.3629023429405	-1.11934642104258	3.56	1.92	3.91	3.04
1.67324309302696	2.31703851603854	-0.72774957952215	0.404118064998955	0.983205774445653	2.69	1.77	3.46	3.45
2.71367873672996	1.54584824258977	-0.818897463339267	0.898557863044001	0.439507066986497	1.7	3.98	3.39	3.08
1.51663191285347	0.328277002383059	0.288446746390079	-0.577862587894167	-0.431634722795214	3.69	2.7	2.65	1.4
1.75991232385302	1.23496976564532	0.861275095458963	-1.06924609768009	-0.12065478466874	2.25	3.78	3.17	1.72
1.55787400449513	0.532616431375635	0.221192628680217	2.72622186189708	-1.09619311181868	1.84	2.83	3.46	3.79
2.27892078641846	1.29197883797839	-0.862122470308472	0.703057617768824	0.523802804984477	2.02	3.19	3.53	1.44
2.02938862541805	2.44979556549755	-0.842872315365454	0.0490568558447081	0.594071758644354	2.5	3.48	2.01	2.53
2.16637393213533	-0.153728828441415	-2.26908940270867	-0.268074848979305	-1.24939481033832	1.73	3.81	3.43	1.58
1.76895276100149	1.10972932100528	-0.481930744349037	-0.104449371993691	2.14486795564431	3.6	1.89	1.92	3.12
1.80574656488594	-0.510112083790109	0.436106954314696	1.36881400593401	1.47790781832609	3.91	2.17	1.6	3.07
2.60306223883271	0.4251192680725	0.608143775417718	0.432767848655436	0.132475597742294	1.59	1.62	2.57	3.86
1.935467184434	0.576979926934619	0.672514710778281	1.71455000164379	-0.560579995792342	1.76	3.06	2.27	2.32
2.2789170865149	0.271158126542918	-0.299802685278565	0.380141866541692	-0.513443348878822	3.86	1.33	1.14	2.01
1.98157326560903	0.999597474622655	2.39262842145978	1.32081023861506	1.65938449469283	3.12	3.8	2.22	2.51
2.37618650145914	1.08015175272984	1.17318274864813	0.774066441416833	-1.20235404699849	3.21	1.6	2.27	3.58
3.61571561513975	3.86797802113504	2.79738042313088	0.273133360203159	-1.34458017934542	3.14	1.68	2.21	2.66
4.70178191912147	2.24622299177879	0.550062701305326	-0.993054259366182	0.180236154466136	3.27	2.2	3.6	3.31
0.468405230720346	-0.198639252765413	-0.777607941756595	-0.851222952845509	1.37218810958187	2.57	2.44	2.17	2.35
3.06576264009416	-0.127008815808073	-0.188540040970547	1.61854079226591	0.835742606782805	3.49	2.17	3.38	3.37
3.29666255147492	1.96675603665139	0.0854242688347212	1.98370468872704	-0.85697406668274	2.54	2.1	3.37	3.39
1.42776191292071	2.3260526012343	0.0508833529742716	-0.414826071777121	-1.24346249985629	1.72	2.36	1.41	2.3
1.40674954645661	2.2923200317219	1.53410093040071	0.482877434759996	0.714442900572686	2.31	2.76	2.5	1.92
-0.212537964071378	1.3984902672825	0.265165708188872	2.18262469643138	0.76868079831707	3.71	1.67	1.13	1.71
1.98921966309838	-0.497120062898335	-0.740136031990896	-0.406469966828577	-0.805475037628228	3.84	3.79	2.66	2.46
0.58594404819428	0.296189287673023	-0.236302064579807	1.27226943694401	0.896935733105989	1.49	3.2	3.69	3.79
-0.715860390578417	-1.07519397379314	-0.238780550824379	1.45002982654458	-0.86926701122347	2.3	2.25	1.05	1.93
1.45300036596292	0.334233330391688	-0.408350435877158	-0.24702493674718	2.05303027355979	2.38	1.37	2.09	1.03
2.66009305966253	1.33108371484231	2.24666996226271	-0.709008802664099	-0.60479542916471	1.57	3.11	3.74	1.49
4.46384577553232	-0.166992177748404	1.33635633095757	-0.718602668685999	0.862303420428	2.56	2.61	2.82	3.68
3.49905313108699	1.26980126324047	-1.91167142177	-1.18820544083964	-0.338597572205599	2.88	3.22	2.3	3.35
-0.147793052832256	-0.460608975026634	-0.000384231685965991	1.39103099960785	0.686265965859689	3.34	3.34	3.5	3.93
0.963511328215517	0.893920218343321	0.173272203440059	0.135534744745913	-0.340667382984471	1.44	3.49	3.3	2.57
4.18905992905356	1.27028358827922	-0.381803693465663	-1.36838079935367	-1.22475990684725	3.52	1.1	2.98	1.83
-0.542528629914763	0.647139082191563	-1.2359699705897	-0.53526587245072	-4.00444969403567	3.81	1.92	1.02	3.68
-0.417425355121848	1.69602966297732	-0.432934364129533	-1.18478489540654	-0.323284454785103	2.99	3.93	2.38	1.78
2.7391806376229	3.74038534831346	2.81721581937487	0.169394357463064	-1.60211018110151	3.51	3.95	2.09	2.51
4.05307774358131	2.44235225886836	0.296465248644787	0.50877649039444	0.804730415006526	3.67	3.44	2.16	2.11
1.21173442452268	1.08429883432741	0.0143035649743152	-0.109580937213301	-0.809146250850633	2.65	1.83	3.24	3.82
2.44489321784364	2.76146730573487	-1.20490051884804	-1.13631284196717	-0.939311562770061	2.24	2.51	1.72	3.05
2.75184246013686	2.43079410039071	1.76139746813334	1.19198216649193	0.535554247450625	1.72	1.64	1.66	3.45
3.48142537169052	1.28401207639289	1.88757178756383	-0.141430322422331	0.524769202430249	2.11	2.4	2.58	1.99
2.74210716495889	3.21729359102195	2.54645577132544	2.24324230908478	0.611965129056356	1.31	2	1.07	3.15
1.78645091593147	-0.736694108516939	-0.315829015520459	-0.648799680542792	2.00055117522747	3.01	1.79	2.62	3.87
4.15293577613921	3.85343581752312	3.34821779360968	0.974650201468894	0.655718283311237	1.26	1.87	3.62	3.16
5.42963807165892	0.365089839415307	0.364641640762583	0.387056716438339	-0.685955556513013	3.21	1.4	3.1	1.49
0.905281084155008	0.291824244786265	0.211994261157772	1.96549963700761	-0.0811059309467513	1.29	1.52	3.16	3.42
1.0314611555171	0.0689937587859252	-0.129188407306063	-0.703142341591048	-1.43780995442092	3.6	3.63	3.42	1.26
1.09328513588588	0.605861162692195	-1.14220854697351	-1.51436966359838	0.0498426287032571	3.76	3.09	3	2.52
1.34769243255221	-0.245875583472921	0.253181838041566	-0.303336983456824	1.02846155006834	1.66	1.28	1.05	2.45
-0.632280156828469	-0.914107499378547	1.02380601139974	-0.128881754559421	1.10950994086645	3.5	2.28	1.99	2.62
1.50554389116834	-0.791157054607164	-1.03102833684484	1.64220082365315	1.31099254884026	2.77	3.86	2.79	2.6
1.41676381719407	2.02433632907647	-0.110170324252128	0.420649292241374	-2.12300490498886	1.83	1.05	3.28	3.34
1.71155364507904	1.62020634666603	1.36651690131235	-2.0885551962417	-1.46792859827778	1.26	3.13	3.62	3.95
3.86007452195716	3.85028963840562	0.612306789808097	-0.52611473248978	-0.589627293086114	1.46	2.46	3.88	2.13
2.21554938338784	0.398550552156869	0.302349449268646	-1.17236980168295	1.01013269478066	1.81	2.93	2.93	3.98
1.60286949020575	0.173334023357809	-0.48324614366983	-0.257239722679137	-0.373380229958169	2.31	1.52	3.3	2.08
5.03255310105947	1.35258145952662	0.681678022390553	0.110640807717288	-1.04714790030647	3.24	2.24	1.61	2.36
1.31775862394543	2.28232165800956	1.20173043678416	0.43984484846748	2.35960598997314	2.93	2.53	1.64	3.87
0.898886401236056	0.968896081539278	0.486859676276318	-0.219624917809102	-0.520615226623165	2.5	3.47	2.88	3
3.47838056705386	0.842003417571833	-1.96221652604364	0.193195891371646	-1.88840625899318	2.14	2.07	2.08	3.31
3.13553663528678	0.242748393016591	0.620315778245045	-1.52149684228744	-1.50423069457098	2.62	2.18	2.94	1.52
1.18174075558092	1.51624589334277	1.44479816760131	1.32550436634259	0.882745017201954	2.61	3.91	1.29	3.45
0.897238445165184	0.575528934726883	2.76897308098184	-1.02981074356427	0.561370072369612	1.03	2.55	3.76	3.07
-1.56758330752567	-1.80924832292219	-1.97320500012679	0.121731580689314	-1.53447775653629	2.83	1.05	2.33	2.72
3.39690476298203	2.08440525572372	-0.0441655838211426	0.974951780211826	0.608670899383307	1.38	2.53	1.49	1.16
3.5024126674295	1.23484930377287	-0.0657063963934069	-2.84713797787625	-1.9994121042662	1.67	1.07	3.21	1.03
1.82666031500948	2.13067217662744	1.63213493036311	1.41948575631144	1.22666943878886	1.67	2.22	1.49	3.83
2.75615735391386	0.607709433275979	1.54693570356581	0.29642006434863	-0.536903828788173	3.67	2.75	2.5	1.87
3.17288294398965	1.00270318808792	0.0933205652659251	0.94378708049059	0.349815479847844	1.03	1.03	1.27	3.06
4.58679905020142	1.63455298067556	-1.36787564376105	-0.131630838498134	-1.02743376833559	3.54	3.18	1.72	1.62
0.414619640217282	-1.0541691516425	-2.24934723453736	0.26976707152575	1.12170808818986	3.66	3.45	1.64	3.77
1.43880078802499	0.799385167039473	1.0893010777738	-0.264522288769564	-1.51782000858622	2.15	2.35	3.24	3.87
0.466727316824089	2.42136347476831	1.06959500680285	1.0888852999457	0.893016607187226	3.58	1.95	1.54	1.45
5.0425914256927	1.11089156406671	0.618219990470082	1.41962853534474	1.32200046768724	2.94	3.54	1.03	2.99
0.0410557894048682	1.77071554566131	0.381782327898836	-1.83440671243548	-2.20893975925215	2.83	1.1	1.29	1.12
2.51849026006485	0.758114920443556	-0.987593061699721	-2.38055297659208	-2.98342546484768	1.17	3.87	2.62	1.49
0.173523135415141	0.183830115938692	-0.474597949988477	-0.637187314296714	-0.381487138096226	1.87	1.6	3.29	2.29
-0.0540733371762031	-0.873410259569425	-0.506340421180608	-0.047915539075482	-0.817755996534828	3.47	1.81	1.67	3.65
2.70806336208588	1.45608017179637	0.254894473578599	1.26927213035215	0.354007521772937	3.69	2.48	1.28	3.17
-0.860472462403817	0.142127774389881	-0.869817162926017	-1.04936040343103	-0.440015698754668	3.57	2.1	3.26	1.64
0.921951209696992	-0.736963545830786	-0.162300797202995	-1.30444438240548	-0.073550192970875	3.13	1.23	1.03	2.2
3.96798582030144	0.522357025463261	-0.00709832264102306	0.457538451566993	-0.318671365103437	2.32	3.3	3.84	3.4
1.35262326606335	1.24623864846674	0.303072672083473	1.42858519557258	-0.458286509953297	3.85	2.35	2.33	3.56
2.98860217863746	-0.707252088641028	0.214421592748382	-0.720879177319736	-0.722592121472176	3.06	1.11	2.44	1.03
0.211062927294404	1.94079999607216	1.03997865664499	0.723924842862821	-0.190198437358922	3.67	2.12	3.01	1.34
1.25302611008472	1.3470710095894	0.812529109104973	-0.624087915486991	-0.208051961151104	3.19	1.31	3.91	2.98
3.03512058746869	0.63935305337454	0.539855352134104	1.28166634429242	0.667734922028263	1.82	3.91	3.86	1.75
0.461724113143909	0.510176692168444	-0.0270349357130308	0.010518937422189	0.0841561375479192	3.52	2.58	1.21	3.93
2.3573149773154	1.45356495234563	0.792519322005149	-1.76999456954689	-2.89402490917352	1.21	2.26	2.06	3.37
2.30817888709168	1.22631813680558	-1.80203828679677	-0.915385245319027	-0.765353936987014	3.73	1.2	2.68	1.58
2.27665586417208	-1.25768829658761	-1.92145306710548	-0.669072567059984	-0.288789212724074	3.05	1.53	2.77	1.66
1.18874672112812	0.256148029127968	-0.965034794942292	-1.52993684919288	-0.672492798803918	3.49	3.95	2.51	1.92
5.77654054646995	2.29888140989861	1.30233247102923	1.57217299742804	-0.837390570373814	3.94	1.05	2.42	1.31
-1.38579693666394	-1.32628609125444	-0.625994621352863	-1.19668797818595	-0.127729516528653	3.08	1.23	2.01	2.65
-0.96392541786954	0.861084159510122	0.898533657863183	0.733451249502016	0.50025336560064	3.66	3.2	1.28	3.02
2.08338376516263	0.321408342389672	0.457198305318565	1.23007333520973	1.7755693512293	1.52	3.74	3.67	1.35
1.09004757664399	0.584534731528192	1.23199161342929	0.580829520537321	1.07473325138989	2.04	3.81	3.65	2.18
0.269779196631307	-0.403687197836599	0.549008480026572	-2.63984496040693	-1.46188242823876	1.32	1.69	2.16	1.59
0.0126720960768887	-0.324862428331305	-0.507363697776615	-0.850200493201486	0.683489662202027	3.81	2.06	1.63	2.91
2.69526253044812	1.33334616452883	0.442647058944778	-1.42707913737025	0.280584915143114	2.02	2.77	2.82	3.53
2.3529382970083	0.683574091791336	0.233385152755565	0.952220332209372	-0.410985733190885	1.78	2.09	2.34	3.3
1.66581199870439	0.976552265451364	0.249138043386533	-0.958135118053136	0.148502626041006	1.82	1.37	3.79	2.24
0.0924268941989596	0.352074635346933	-0.3998676504551	0.222820120061517	-0.342764385718594	3.45	2.78	3.08	1.58
1.85101492329767	1.57053099424341	2.4949344945872	-0.393258294167559	0.117668153691341	3.18	3.35	3.82	3.07
-0.0903484890368273	-0.396912966332898	-0.551511420840932	0.686358847474341	2.69720712673187	1.01	3.82	1.08	1.99
0.183565275516391	-1.39791613374401	-1.09048110966723	-1.61200016298703	-1.42847945698221	1.85	2.53	1.42	1.64
1.75599083263525	0.166932527149524	1.2457021149545	-0.073289560464489	-0.600656405474876	2.88	1.61	2.73	1.62
0.155347106007069	-1.17969539383826	-0.821245014217108	-1.06931063210884	-0.768437157982796	2.31	2.81	2.66	1.72
1.45788846035121	0.875377436442819	-0.615018201449805	0.79733915802726	0.200881822193383	2.96	3.54	1.72	3.49
4.87137414291224	3.00179848276678	-0.657262013065495	0.620208497909406	-0.102909750300619	1.51	3.98	2.64	3.87
1.94198802627752	-1.21530317829686	0.773393271703328	-0.467358438301437	0.120461330808805	2.22	1.97	1.93	2.73
2.99704049655706	-0.263837037769509	0.210062993798525	-0.0873543202375536	1.11462186437402	2	1.41	1.39	1.96
1.81333192469122	0.675511687884272	-0.110848587760725	-0.498068608924237	-1.886155966498	3.04	1.12	3.66	1.71
2.75797550579854	2.85718650258579	0.800899922001855	-0.216232574515191	-1.96867764046806	3.96	3.83	1.58	3.55
1.97464228958245	1.39680800556074	2.76442400974439	0.598825343639305	-0.441896318099537	1.88	3.38	2.61	1.05
3.06027537166103	1.15754760176704	0.729868967827748	0.0572517154297726	1.20883795841988	2.18	3.68	3.61	3.1
0.940477582036031	-0.0596813335245913	-1.08663354503429	-1.6810660439983	-1.22578128036101	3.13	3.28	1.65	1.27
3.90985702072576	1.3229695638096	0.0670364188760817	-1.53534303025341	-0.300759429372149	2.48	1.81	2.14	1.42
3.05080313245786	-0.0389136061835507	-1.78297018125679	-0.395357973694845	-1.87833800659829	1.47	3.62	3.86	2.79
1.2166227410302	-0.289989032462151	-0.0531905858597061	1.35872739644876	1.53516281249195	3.01	2.38	2.17	3.45
2.67356199198396	0.247290203249	1.12862998350614	0.544612642249723	-0.393033291957774	3	2.87	3.76	3.54
4.26988335518292	0.847181667519202	-0.726584123608694	-1.48061617565613	-0.323295483246162	3.78	3.6	2.64	3.59
2.44272167159712	-0.243929969232437	-0.0905298998088017	-1.06068671995344	-1.10103737189029	3.34	1.59	2.83	2.54
3.27804703943883	-0.476387389204903	0.94548514867811	0.412390969998553	1.19679783196442	3.6	2.13	1.02	2.45
4.50099362358645	2.40200251886328	0.653345023403868	-0.201568562159702	-0.242557741585197	1.79	2.06	1.7	1.95
1.67256502678151	0.0513910363101389	0.888489855474333	0.388221881801682	0.856039594626044	3.82	2.42	2.21	1.91
1.77745893227801	1.01126442206006	-0.255762105181202	0.172820834210387	-0.45904381458547	2.98	3.44	2.42	2.2
4.64336215336221	3.89944448630701	2.13675861689315	1.51255673695134	0.895303769327615	1.01	1.1	1.1	1
3.37285059421735	2.00485354768655	-0.742185900364842	1.07351510188188	1.59163784762025	1.5	3.25	3.49	3.19
2.51325764974838	3.64964728687482	2.14605273538612	-0.666185976403278	0.287314543580252	1.14	3.92	3.72	3.85
1.74236027115375	0.545002954792736	1.31366869607235	0.859264292589907	0.768698146722651	2.17	2.81	1.59	1.35
-0.253734309914568	-0.023919207468466	0.0260090592117605	-0.535499774268056	-0.670819377815588	2.17	3.59	3.82	1.57
2.02258284243899	-1.71419696230333	0.0479171737632011	0.25896465067681	1.23588958559239	1.57	2.6	2.4	1.94
2.84336701375808	0.583417688024943	1.02765423519753	-0.534762056253967	0.175572743456212	2.74	3.45	1.86	1.09
2.13852471172664	0.59063244835158	-0.804538702430604	-0.0893440810902565	-1.82236417444424	3.14	2.34	3.43	3.57
2.5374755013111	1.83492054049124	-0.507942282189322	-1.18985699858542	0.0589365517065466	2.23	2.82	1.35	3.58
2.05887482145083	1.16890753035406	0.304759238956639	-0.649603159665757	0.503979124018211	1.19	2.86	3.47	3.58
3.72974461261535	0.100635471567112	-1.23291174944158	-1.81705443725178	0.945526229130092	2.24	2.21	1.39	1.67
-0.825841989560558	-0.845816439312148	-1.20697671459864	-0.929588861005115	-1.94807317525804	1.79	3.47	3.21	2.26
1.89022466571018	1.76967277234073	1.76298439646161	0.0606481228226272	0.351902690432873	2.45	1.88	3.81	1.82
1.44800078109165	1.53649641987565	0.26029005982058	1.53382077306247	2.16122509530642	2.68	2.74	1.5	1.57
3.24515361022684	0.816317941344703	1.11520844228197	-0.0465594578139968	0.584635458058468	2.08	2.94	1.55	2.55
1.31503956359376	0.499998980892444	1.62838930286585	1.19929876278446	0.847030713043445	2.91	2.89	1.29	2.08
3.03184878851576	1.31826519180457	1.20322041581172	2.18551033056388	1.06277828731153	3.26	3	1.26	1.86
4.071759429642	2.40695515211737	0.831723686611929	0.826893089492768	0.701563956185762	1.01	2.57	3.27	1.59
-2.36505982499999	-0.962915961040593	-1.14005594500566	-0.83364792870059	-1.21278637408507	2.56	3	2.05	1.55
3.8064287507125	1.6492470670332	0.885333638540852	0.10915537537612	-0.262713943679931	1.76	3.15	1.7	1.35
1.2307651838976	1.32565851461312	0.161169598826812	1.02407639409661	0.581790693180524	2.18	1.35	2.45	1.79
2.47935432723649	0.361698157872587	-0.233991434552394	-0.0371661793195864	-0.481870563482664	3.84	2.67	3.59	3
1.99747228321171	1.20122987167616	1.0076433183369	0.785027417132312	-1.41346590266913	3.71	3.06	3.27	3.44
2.73145951002071	0.933717083194141	1.5510828657464	0.566539563423266	0.53448514878166	3.79	1.73	2.19	1.27
2.30546064261867	0.545875915385302	1.18659463312758	-0.371583850061412	-0.89483366245746	1.41	1.89	3.28	3.11
4.30422533771378	2.89571441764943	0.661742780169783	-0.471903088224	-0.30216230669928	1.81	1.32	1.72	1.58
1.27066764482974	0.616476723086693	0.200566178018011	1.12527578659831	0.332175054339312	2.75	2.04	2.55	2.83
1.68814136022022	1.1218412858407	0.1231599963638	0.989124901607517	-0.0937659071203218	1.33	2.21	3.4	1.38
2.86436805632211	1.45046139426251	0.747486888723774	0.854448472727663	-0.032379529884304	1.14	3.97	1.7	2.81
1.74501833192934	1.81588389435268	-0.506361751969635	-2.0367318302137	0.509366630328559	1.35	3.8	3.06	2.51
0.544075893184748	0.489277942104681	-0.16393327193097	0.164318712923713	0.652578787251426	3.34	1.51	1.47	1.63
2.89612212266044	2.4389450824216	0.709880783245805	0.0281576314113985	-1.26259421934859	3.27	3.42	2.47	3.8
2.72482806393604	2.47601683888817	-0.55858872190676	-1.35723580276976	-1.10098358811915	1.45	3.26	3.33	2.82
2.06615510493134	0.430605478071164	-0.0232728434511338	-0.946057605764059	-0.699261799588001	3.74	1.52	2.9	2.15
1.73544213308253	1.12442456628347	-0.194896062080013	1.23200725333403	2.06177992033184	3.01	3.16	3.66	1.41
2.15779609335366	1.41700425108231	0.694769573824924	0.17920890179655	0.675312883253041	1.84	1.1	1.76	3.99
1.43444091946523	-0.290842469628225	0.0805489592861132	-0.138548914332099	1.03123758569069	1.22	2.15	3.19	1.92
0.0392917751139258	1.63859986913597	-2.31954165224468	-1.11032913424508	-0.196451023712365	1.5	3.56	2.04	3.91
0.876662390147335	0.99178897737777	0.235641357060827	0.0503840935989296	1.53668481590696	1.11	2.84	3.16	3.24
2.22320200639824	0.687376289591001	0.252708744110728	-0.373487227945816	-0.315477744456796	1.02	1.68	3.16	3.05
1.27401051742202	-0.850886908773846	-1.02009443249084	-1.84396758400702	-0.140867990292044	3.61	3.36	1.95	2.34
2.84493756819539	0.526324793971634	-0.0438597146739811	0.285229563718946	0.46920536309621	2.99	2.91	3.57	1.44
3.34195261478334	2.08445949199291	4.8665957171009	2.90824140928513	0.726091415986494	1.66	3	2.04	3.75
1.17610696127873	-0.615619923405741	-0.219905507782032	-0.491529963315878	-0.154948206657139	1.11	3.62	2.26	1.94
1.0632962252049	1.71810367980885	2.95720546863394	1.83984691544133	1.67188814226553	1.51	2.2	2.38	3.9
2.45727878050355	0.988084156293563	0.0806897101883466	-1.88754579448513	-0.923711260494307	1.83	3.78	1.26	3.2
3.49326498515929	-0.585913425090155	1.11894097697319	0.535729033565754	0.201601462020206	2.54	1.17	1.21	2.64
1.3460420613134	-1.19945483609732	-2.070895140998	0.363157135526605	-1.2426265975778	1.64	3.4	2.34	1.37
0.998136054458185	0.118703862593745	1.14966484231875	-0.767116646994213	0.0466266803225093	2.22	1.27	2.58	3.04
-0.560275285251447	-0.511829030401978	-0.0769579144646556	1.53969515547304	0.586281944300999	1.56	1.3	1.49	3.36
3.73417838843045	1.54953855635321	0.833487673120247	0.335871606689625	-0.528896293824291	2.99	2.86	1.29	3.38
3.75558357038673	2.85401804642869	0.605314841641167	0.428583127516708	0.186818256234348	2.93	3.42	2.9	1.25
1.30004973617184	0.325875509629704	1.23350763837157	-1.00413955099956	-0.650020595758415	3.07	3.85	3.93	2.91
1.50972185051241	1.61393858276958	0.497094834715474	2.17910942622097	0.673696221213815	2.85	2.43	2.62	2.35
-0.455834921358371	-1.40050524433554	-2.43404371837172	0.13154755268843	0.0733087756497206	2.81	2.51	2.08	3.08
3.76266822424432	-0.26221839573106	-0.356399997033678	0.340046677361007	0.175968652823516	2.45	2.42	3.29	3.57
2.54670548967872	0.767718179983696	0.519079276933147	1.53595689132544	1.78507913358877	1.93	2.93	2.73	1
3.41029994151072	1.97655447873068	0.454943551466356	-0.484550403620714	-0.22068144677728	1.86	2.82	2.54	2.26
1.76414803185118	0.463478794266156	-0.262733178847989	-1.2424552417	-2.00320622845771	2.94	1.13	1.51	1.21
1.77322867752213	-0.0417914230247803	-1.31872951041334	-2.16949270739677	-0.0549964471828329	3.22	3.11	2.69	2.59
1.47688437305516	0.0607763361645531	-0.723679295414475	-0.401834598046813	1.62863746214297	3.41	3.01	3.49	2.3
0.00510776418122388	0.674760857927107	0.266974388938292	1.78216047777348	1.54357025042052	1.15	1.04	3.82	3.37
2.56132323729316	3.4786098704062	2.16404098095684	-0.191419303527548	-2.15948483249371	2.14	3.1	1.44	2.65
5.08296274627936	3.22053594206467	0.675810576534083	0.0976187924484271	0.440374812082249	1.49	2.44	1.39	1.14
2.80473406887448	0.574729743207533	0.202096644884149	0.111767323291323	0.166322202138278	1.87	3.09	1.9	3.34
2.67145572318838	1.88207389849677	-0.55055374893462	-0.439851050011349	0.0772116567364907	2.29	3.68	2.4	3.34
1.59826534582098	0.890267015432988	0.4833384539646	-0.0561709611928202	-1.13664349878098	3.48	1.79	1.83	2.38
0.567581978001506	0.00616807324994331	-0.318875635505574	0.403571683341971	-1.04868299092134	2.56	1.08	3.29	1.81
2.88178863024221	-0.231177437378825	0.492511403474199	-0.915063060907812	0.635070315071634	3.79	1.48	1.5	3.79
3.74213620922419	0.363125876116022	0.756186235747629	0.0205546829462951	-0.0796191581444325	3.55	2.29	2.39	3.71
1.41082882843001	1.37028486947959	0.604048126006093	0.88907165762956	1.1952046804332	1.08	1.13	1.11	1.2
4.78712219065137	2.49589851142252	1.10283408983626	1.5658628432713	-0.253580400981334	1.53	2.51	3.84	1.64
1.56600719238246	2.03447152195892	-1.04456301564258	0.797118939961112	0.849183691928305	2.8	2.67	1.45	3.77
1.55866280457689	1.8765771160565	0.172559034548835	-0.479048565450178	0.241634468054848	2.13	3.64	2.72	1.48
2.00614185551434	1.95364464437135	-0.544847198049811	0.873088487964871	0.388304390024642	1.44	2.9	3.34	2.61
2.91600715660787	3.72358106563813	1.70494255985966	0.662625617785543	-0.668408369796326	1.19	2.5	3.94	1.38
3.75629898069227	1.08582243389916	-0.532367320575626	1.39327665474266	-0.327636253578238	3.09	3.51	1.18	2.25
3.65424409798901	1.38560231024968	-0.817828821872018	-0.745513113826047	-2.08552070654134	1.64	2.23	2.03	2.73
1.13072545523064	-0.493210131617527	0.658123463711326	0.934975635832657	0.760115189853183	3.44	2.93	2.51	1
4.54690682301378	0.758553983487744	0.801539923965748	1.85470096873487	0.920137021078675	3.78	1.64	3.99	3.11
-1.11916160471658	-2.3471532501322	0.225032996269805	-0.214909459328237	0.875746719431663	2.44	1.69	2.81	2.89
0.36519865432966	0.788198338390928	1.05472535453483	-0.633190010235346	0.161197231944837	1.15	2.39	3.56	1.34
1.25955329784488	1.10298198614099	1.12499695846594	-0.708987035290668	-0.404750568410504	2.37	3.89	3.51	2.1
1.59876902232252	0.249477478325015	-0.35913542906974	-1.01342853630933	1.40982945950665	3.07	2.17	1.12	3.23
3.44004473107761	1.86934956363885	1.29390810273073	1.676805849066	0.725323846450677	1.81	2.21	1.47	2.37
1.39242737899023	2.17014953814122	2.10418757570405	0.513520221951284	-0.559834071840094	1.4	2.03	2.1	1.83
0.543934480884815	0.659681618385716	1.14410872570256	-1.03100339852744	-0.741051490470997	2.32	3.72	1.79	3.78
2.78065744060653	2.44933776554163	1.50745060703158	0.377294629768234	1.16436418352736	3.08	3.04	1.04	1.98
0.793362236171826	0.429667492059028	0.563690819776095	-0.81926712422014	0.700146967792593	3.73	1.91	1.62	3.18
1.49878498828794	0.552574955208253	0.148391022814056	0.585306259332613	-0.348694838775701	1.71	2.07	2.38	3.51
3.55877425927725	2.02204734764184	0.835523988197384	1.44302565477164	2.50638600347103	2.24	2.46	2.04	3.32
0.733725420732538	-1.15251109265641	-0.224075515696369	-0.0306957093883719	0.284376194871221	3.79	1.75	2.33	1.97
2.23361322373995	2.39721563549429	1.39021405243466	2.81569365556775	0.319616894897848	2.03	2.79	1.74	1.68
3.21069030768922	1.99564711963394	1.36375295574468	0.947150984426099	0.895616838342271	1.24	3.79	3.65	1.06
4.16364054969422	2.43386892944813	-1.63268210634709	-0.861784629003942	-1.26380540626846	2.54	3.42	3.67	1.17
0.544957285661521	0.819235936488874	-1.62073541379741	0.171155748986008	-0.233585195148328	1.17	2.68	1.15	1.56
3.23088595945438	1.72251717998577	-0.699881005465629	-0.39156433047282	0.722084663711116	2.37	1.61	3.49	2.26
2.11028700828775	0.777803090636261	-0.527407701125292	-0.432300981517209	-0.627493663659263	3.13	2.21	2.93	2.17
2.34344702581406	1.48726483900223	1.73501469258529	1.39516942330691	-1.42827314983239	2.65	1.82	1.73	3.25
2.27763478447974	-1.06210085026657	0.429828039379821	-0.924620849867472	-0.956788984110505	3.76	1.68	1.29	3.08
2.9754755710677	1.25331267695742	0.813501228948683	-0.0997733990774129	-0.853360786299305	1.31	3.79	1.49	3.3
2.3742394756711	-1.05574018211993	0.843980199629047	0.542108327976866	-0.925421075364957	3.01	3.11	1.69	3.34
-0.582002207333517	1.41048854819636	-0.543823513795779	-0.822819834725507	-0.562217547577181	2.63	2.96	3.2	1.22
2.51373192475731	0.536512080480799	-0.744784206505344	0.0480831419822273	1.36612926413399	3.02	2.45	2.91	2.54
1.45666797244662	0.415682898196956	-0.405367324705847	-2.17030084437256	-0.467655125088541	3.39	2.46	3.81	3.78
-2.03894015763726	0.0119300949266336	0.0848392937616352	0.520248640249227	0.164013863646974	3.99	3.63	2.12	1.68
-1.05823685883554	-1.50194465939085	-1.49619578211214	-0.82064740479069	-0.69949217497766	3.87	1.13	1.12	2.37
2.6290751685937	1.17880147255367	0.994322526336097	0.869911085223791	-0.00390245565358677	2.93	3.27	3.21	2.88
0.580055672515718	0.814296097354877	0.0601760625737826	0.0598385560176256	-0.449560794566508	3.02	2.49	3.16	2.37
1.92653389858737	3.32182671019268	1.1902709950554	-0.525686429302956	-0.895438016956209	2.9	1.36	2.03	3.89
1.19686778875732	1.57096667627517	-0.738200089060675	-1.86113744591717	-1.64757331892054	3.87	3.32	2.65	2.32
3.4490679778569	2.44800089384455	1.20779972596139	0.84100735898303	-0.422545429086218	1.03	2.18	1.67	3.15
5.09601468077208	-0.254797033492088	0.245599138877161	0.321892099750391	-0.491996321074751	3.81	1.85	2.92	2.08
2.71211108510047	0.941058078999724	0.590538527391978	0.351968535684765	-0.306270294445163	3.33	2.96	1.24	2.85
2.00471138662892	-0.294983919736603	-0.0103738954528669	0.143849325061376	-0.126078584225871	2.68	3.17	1.53	2.03
4.17701139369294	1.02790577545433	0.0871134207005335	-0.387615219856388	-0.271632276638866	3.5	1.82	3.81	1.71
0.262468918853935	0.0131066079037781	-1.11127170920261	-0.641029076453599	-1.85122385781356	1.8	2.69	3.91	3.99
-0.724254634740108	-0.430018403746536	-0.689110817496358	-0.244764970439205	0.834446460843155	2.99	1.15	2.7	2.48
0.813123146739825	0.849538370203488	0.342557633776663	0.0587752258445147	-0.687722487706126	2.02	3.69	1.58	3.1
1.37625551622615	0.850193833634369	1.54600150504876	1.55265171482483	-0.258333996370787	2.07	3.74	2.15	2.83
-0.279394757607081	1.05733904119488	-0.851622058475581	1.12453522471118	1.77767716278016	2.59	1.1	2.03	1.61
2.493087168888	1.29983003226577	1.08429340159172	1.62157758699971	1.81824923089096	1.16	1.54	2.01	3.85
4.63484749320205	2.20662457446343	2.41734593611387	1.46307335297064	2.469827149299	2.68	1.46	1.37	3.21
1.45407716534643	2.95243465653668	1.64320071302468	1.96276809664765	-0.676223416775005	2.71	3.39	2.29	2.74
2.45048060805155	0.705943550099123	-1.13070432255427	-2.36861280039216	0.101055796437831	3.19	1.82	3.72	2.95
0.855989536924025	2.40579567512027	1.30469224355905	1.11439975784676	-0.309421966715303	2.28	3.14	2.69	2.91
1.1161102126495	-0.111018319445674	0.151404237557966	0.717464233629581	0.873772215597683	1.63	3.68	2.05	2.65
3.57496453081186	2.19810964312899	1.6703852687326	2.19952382834061	1.87787763034921	2.84	3.31	2.38	1.91
3.91385089752948	-0.302659591638518	0.0983704626001102	0.659481965228354	-0.988499247170463	2.4	1.12	3.28	1.63
3.57329988167097	1.61055331513586	1.63027185394868	1.34649055888472	-0.0115755309725186	1.77	2.18	2.91	2.01
0.814244961512061	1.41618666656989	-0.0947641757992439	-0.471307983487605	-0.0603900578921263	2.65	2.15	2.94	1.12
1.45008972411502	0.915496336838555	1.12383876159034	0.278332405111142	0.424229082146396	2.99	2.72	1.8	1.83
1.6379864818674	-0.781491503778426	-0.0260475959053802	0.318355692854415	-0.0653637249824897	3.69	1.36	2.55	3.92
-0.326950517266953	-1.2491219738529	-0.885197166138279	-0.180699473757721	-0.755902267738612	1.03	2.14	3.5	1.02
1.8172387942929	-0.371894901655164	0.225655155895981	-0.739205615210001	-0.903638627581955	1.32	2.68	1.05	2.53
2.17124894117686	1.32992767998292	0.963259631145093	0.928262378105974	-1.28753588666336	1.03	1.17	3.19	3.65
-0.766448732433214	0.984372901291321	0.305269470691901	1.15317972040299	0.573487026670199	2.26	2.5	1.08	2.69
3.84664570330502	1.15304267006365	-0.006000104781202	0.428046849775032	0.709266604058169	1.25	2.11	1.02	2.71
3.75212298618232	2.79121706009191	2.19160178688136	0.292614332340077	1.30895844257076	3.87	3.51	3.96	3.24
4.28315586032407	2.55834520238321	1.34566203266549	1.01591374813772	1.09682816662879	1.16	2.23	2.53	1.95
0.568284912914924	1.00894416804954	-0.200994059040995	-0.902046873537951	0.208374978886283	3.66	3.29	2.73	1.24
2.22874529345909	-0.209121266023426	-1.0799008237	0.237840594611603	-0.690935582021001	3.57	1.93	3.1	3.33
1.78217933102786	1.54758337258783	1.63376146099232	1.86786391533134	1.16606314310674	3.87	1.25	2.15	3.11
4.77475903686101	1.87318193427764	0.919477563113617	-0.965296940546825	-0.651662671472407	3.23	1.72	3.28	3.95
0.184643228420947	0.65465373492687	0.498724242842674	0.747555890276715	0.730988130949179	3.26	1.09	1.04	1.15
2.36555753199062	-0.349801424888851	-0.106131817797133	-2.23824455286287	-1.47945322196369	1.87	3.76	1.54	1
2.0517350045163	0.703999629720495	0.0512945357537765	1.26737597978656	0.75229272745562	2.05	3.07	1.6	2.78
0.905204085028535	0.813421758909692	0.0510959137718863	-0.499416104526869	-1.2470512666957	1.68	2.15	3.68	1.26
0.873344302710287	-0.451490788646194	1.55679009890553	2.13528447525096	1.75287388869016	3.43	2.36	1.06	1.23
1.20474172801346	-0.855000160850711	-0.461338462715284	-0.601048914654461	0.543287252435598	3.06	1.83	3.32	3.05
-0.708993021813486	-0.803820301009067	0.627731815675562	0.581592491272937	0.207467396186928	1.26	1.59	2.79	1.79
-0.0196561787280945	0.316012588088426	-1.61118889020941	0.00570518615173299	0.703465748972743	1.42	3.43	1.91	1.2
2.98143679302711	1.99169073076204	-0.0185749875605681	-0.79480916759083	0.184460753601094	2.45	3.33	3.15	2.01
2.56500367658742	0.207827305369446	0.958694060554417	1.26935316563721	0.71681195447485	2.25	2.97	2.02	2.56
-0.00453879229279266	-0.948096491727163	-0.0291710140213765	-0.258894791782334	-1.58359872158221	3.38	3.9	2.44	2.74
3.1575449504092	1.74892832661349	1.15724956111136	-0.548338542600396	0.639158970240212	1.56	1.3	1.51	3.4
1.56462730985076	0.866212351058705	-1.78955932544197	-1.2032487381334	1.24759426355527	1.95	3.67	2.19	1.14
3.30309733823038	0.819549691183789	-0.964998212717505	0.603818152588325	0.91699836773792	3.31	2.98	3.2	2.15
2.41344234473028	1.73671666660208	1.91895866785325	-0.770687535882108	-1.45465953194322	2.53	2.24	2.71	1.16
4.62806878265039	0.264943455016415	0.469839114659794	-0.919941705001926	-2.17532816086374	2.59	3.05	3.18	1.46
2.66781138217727	1.51228588555611	1.36338839721069	-0.622386724789449	-0.0971029790020685	2.63	1.11	3.88	3.45
3.21503276863175	1.06868925735885	0.843188434446164	0.880577648687261	0.796575506486345	1.64	1.99	2.81	3.3
2.1483422420682	0.00501062297314325	-0.908811302849304	0.412936929846414	0.768633183266495	1.51	2.33	1.88	1.01
0.986405646000015	0.707659133900458	0.830116862731179	0.233368380699939	-0.546560524518474	3.9	2.69	1.71	2.83
-0.811515452050905	-0.579538901772205	-0.564906257507129	1.53339685406013	-1.40239564518103	3.27	2.26	3.44	3.26
2.33220665033053	0.417854623904318	0.011074129078789	-0.759435706039737	-0.279465966645556	2.6	2.34	3.63	1.6
-0.695438927815026	0.78920468649479	1.87400798365935	-0.0461065443993701	-0.986797891819261	2.55	3.83	3.43	3.88
3.11970549918068	0.65348295888941	0.472616724958679	0.107289709611284	0.689405729544236	1.55	1.33	3.51	1.88
3.73508272693526	2.53005498146764	-0.610482439358851	-0.21115118548876	0.164139294035713	1.53	3.47	2.99	3.25
1.58535544856772	2.26159928229467	0.188441090528892	0.827942306265338	0.886636614657566	2.14	3.89	1.23	1.7
1.5539821217418	0.945591561500939	2.33161172975961	1.3636542047448	-0.658058517812745	1	1.72	3.36	1.21
2.28128539524978	1.91921760164372	0.971541726907485	1.67503627661781	0.170144237990796	1.61	1.7	1.9	3.33
2.01126021795369	1.17033991779104	0.730643136016258	-0.361877556917303	0.376627402545457	1.03	3.5	1.59	3.96
1.77600017603987	2.58984973453231	0.262216281714229	-0.478322962154454	1.80154515206322	3.52	2.54	3.12	3.6
2.99889205612841	2.08279697997579	0.453697313566991	-1.19827983470674	-0.311896540656504	1.07	2.62	3.39	1.54
-1.47277681157662	-2.36207829671225	-2.47875633363944	-2.47484353897453	1.0033403057159	1.14	1.89	3.01	2.91
2.98186412932773	1.80696771975587	-0.635008085595807	0.538188421839661	0.224132765368883	2.09	2.8	2.76	3.61
1.65341140164965	2.63577250309849	-0.320984540100045	-0.888047725891587	-0.412128501519693	1.35	2.66	2.44	2.64
0.340263311754718	-1.33455906459009	-0.495362623616527	-1.14742933439169	-0.245996321775701	1.12	1.04	2.31	3.15
1.14772551275991	0.923132855075865	1.62825816998315	0.4118648227709	0.263178903801748	3.88	1.24	1.08	3.01
2.79106876147104	-0.818397998897715	-0.291502938676879	-0.584627963797464	0.685033266927764	2.15	1.63	3.67	2.81
1.65718016127164	2.60430640036065	1.52249372607006	1.06472830239941	-0.0322546185776079	1.03	1.97	1.91	3.2
2.27192874160394	1.03204285152445	1.28516985921516	1.44281495374164	0.0196448768481525	2.06	2.28	1.75	1.97
0.470073209736643	0.0877968635590706	0.164072925984668	-0.772412926136812	-0.877939369834977	2.38	3.85	1.2	2.68
1.5053021007323	1.19598499408338	-0.293229515682817	-0.0895609942073784	0.957554904624031	2.87	1.38	3.79	3.91
1.68203335508396	2.28864656700042	3.91969043300199	0.192155623247187	-1.13116623726902	1.56	1.37	3.8	2.78
4.06769146477991	0.485928532208826	1.01233662315647	-1.42510889522224	-0.827233170921557	2.43	3.67	2.07	3.42
1.86371366222077	1.15342848134323	0.493821222060029	-1.99385049974523	-0.225919131000397	1.69	3.08	2.35	2.8
1.17207355627137	-0.943814158835926	-1.25080763546292	1.11567597998223	-1.29569334610195	3.73	3.04	2.52	3.43
4.90995362906401	2.17809605732899	-0.580460250416684	0.216340937504384	-0.764053510746537	1.91	2.43	3.37	1.85
5.3012908203891	0.278136824180593	0.848059655305811	-0.153548873322986	-0.760809148461419	3.78	1.86	2.2	3.99
0.890438322645212	0.520891871091923	-0.928479831135756	0.489219062325342	1.38742016202704	1.33	2.65	1.14	2.47
1.33147415567006	-0.775875982213534	1.02880102358851	-0.21386225665401	-0.347271988941919	2.13	1.58	1.7	2.59
1.77398614751418	0.121621241591402	-1.77694803899824	-0.33164805595265	0.0949553914119012	2.49	3.8	1.58	3.34
1.13086369880405	2.30264994007146	1.64993889460006	3.3574673320071	1.68738401650647	2.11	1.24	1.08	3.82
0.556217959486329	1.18306170652438	-1.85036844312265	-2.25832830432414	-1.18835320902416	1.3	1.91	2.87	1.93
1.91957359094118	0.679585633585518	0.63199317617686	3.53288917360052	2.5963321930708	1.18	2.08	1.55	1.68
3.3228343557877	2.66716179857509	0.532454733599536	0.70680086843574	0.739719797320345	2.51	3.26	2.69	1.96
2.22319347615139	0.767999207284456	-0.413988365352689	0.373326574227524	-0.0489588850879447	1.93	3.27	3.63	2.41
1.97178362897629	0.545141776697743	-1.33496620125904	-1.26222037120415	-0.426042144688088	2.89	1.67	2.72	1.55
2.29543314613797	0.821168460074608	-0.0866430362464423	1.28245713149071	-0.326427177456483	2.85	3.88	2.34	2.49
2.32303604493565	0.889831837981306	1.43042695229829	-0.674986380946403	-1.21052002297209	2.85	2.16	3.45	1.87
-1.77614994820596	-1.50736628620548	0.0558211129536303	-0.352298488037741	-0.444739030329551	1.31	1.48	2.51	3.25
2.00155588832062	1.47459873205561	3.17338702181183	0.283866687048112	-0.430563751459336	3.75	2.62	3.92	3.74
3.76256848237222	0.196470539409321	-0.398256955718266	-0.335661147785009	-0.905064493857915	3.74	3.58	1.09	2.83
-0.184249480893938	-1.09005287997672	0.0417168709676486	1.59024671571692	1.60064298105094	1.17	3.96	1.77	2.11
3.29730126485047	2.0814644085856	1.40295038560501	3.59975240052121	1.92829606383928	1.41	1.76	2.66	1.12
-0.343004125201424	1.74603223321165	-0.077863248865822	0.660216495742674	-0.739588171063539	2.62	3.99	2.9	1.19
1.99431788944821	0.956948188459473	-1.3329215684645	-1.30963439677974	-1.30556871101951	1.06	1.7	2.33	1.37
1.94407018124073	-0.265759473344995	-0.640382264835343	-0.434531987026594	1.72101375978121	3.15	3.97	2.17	2.39
1.63185658059185	0.621312726526513	-0.719832286740262	0.767164856981731	0.563955448688322	1.54	3.62	2.02	1.88
-0.236717472641009	-0.102892928670693	0.313196967612258	-0.0187438413374332	-1.45162372137935	1.94	2.13	2.77	1.82
3.79696692310338	2.75685590638199	0.691889568429005	-0.247838990435208	-2.38270233040483	1.34	2.19	2.42	3.03
1.46542425860205	0.584143474646476	0.497091434756523	-1.02508546683574	-1.92672418329729	2.81	1.73	1.41	3.62
